,flink_taskmanager_job_task_hardBackPressuredTimeMsPerSecond
,1
Timestamp,
1737232200000,0.0
1737232205000,0.0
1737232210000,0.0
1737232215000,20.0
1737232220000,207.0
1737232225000,388.0
1737232230000,541.0
1737232235000,684.0
1737232240000,684.0
1737232245000,719.0
1737232250000,747.0
1737232255000,953.0
1737232260000,957.0
1737232265000,1000.0
1737232270000,1000.0
1737232275000,1000.0
1737232280000,1000.0
1737232285000,1000.0
1737232290000,1000.0
1737232295000,1000.0
1737232300000,1000.0
1737232305000,1000.0
1737232310000,1000.0
1737232315000,1000.0
1737232320000,1000.0
1737232325000,1000.0
1737232330000,1000.0
1737232335000,1000.0
1737232340000,1000.0
1737232345000,1000.0
1737232350000,1000.0
1737232355000,1000.0
1737232360000,1000.0
1737232365000,1000.0
1737232370000,1000.0
1737232375000,1000.0
1737232380000,1000.0
1737232385000,1000.0
1737232390000,1000.0
1737232395000,1000.0
1737232400000,1000.0
1737232405000,1000.0
1737232410000,1000.0
1737232415000,1000.0
1737232420000,1000.0
1737232425000,1000.0
1737232430000,1000.0
1737232435000,1000.0
1737232440000,
