[0m[2024-02-14T19:40:21] TRANSSCALE:: Starting auto-scaler...

[0m[2024-02-14T19:40:21] [LOGGER] New debug level: 1
[0m[2024-02-14T19:40:21] Starting RTT matrix update thread
[0;96m[2024-02-14T19:40:21] [DEBUG] + [RECONF_MNGR] Selected strategy is transscale.strategies.ParallelismOnly [0m
[0;96m[2024-02-14T19:40:21] [DEBUG] + [RECONF_MNGR] Strategy imported [0m
[0;96m[2024-02-14T19:40:21] [DEBUG] +  [0m[0m[2024-02-14T19:40:21] [RECONF_STRAT] Using PARALLELISM ONLY strategy
[0m[2024-02-14T19:40:21] [MONITOR]: Retrieving job details from flink-jobmanager:8081 ...
[0m[2024-02-14T19:40:21] [MONITOR]:: Details about the job:
[0m[2024-02-14T19:40:21] 	 Job ID: bc00bccb4b2c99f271e078df73eab9ec
[0m[2024-02-14T19:40:21] 	 Operators: 3
[0m[2024-02-14T19:40:21] 
*******************************************************
[0m[2024-02-14T19:40:21] Warming up for 240 seconds
[0m[2024-02-14T19:44:21] [MONITOR]: Retrieving job details from flink-jobmanager:8081 ...
[0m[2024-02-14T19:44:21] [MONITOR]:: Details about the job:
[0m[2024-02-14T19:44:21] 	 Job ID: bc00bccb4b2c99f271e078df73eab9ec
[0m[2024-02-14T19:44:21] 	 Operators: 3
[0m[2024-02-14T19:44:21] TRANSSCALE:: Monitoring the throughput and back pressure every 60 seconds...
[0m[2024-02-14T19:45:21] 
TRANSSCALE:: Periodic Monitoring...
[0;96m[2024-02-14T19:45:21] [DEBUG] + 	Getting operator out throughput from url http://flink-jobmanager:8081/jobs/bc00bccb4b2c99f271e078df73eab9ec/vertices/fdaaed869c7e767a4ba54f74c039d468/subtasks/metrics?get=numRecordsOutPerSecond [0m
[0;96m[2024-02-14T19:45:21] [DEBUG] + 	Getting operator in throughput from url http://flink-jobmanager:8081/jobs/bc00bccb4b2c99f271e078df73eab9ec/vertices/fdaaed869c7e767a4ba54f74c039d468/subtasks/metrics?get=numRecordsInPerSecond [0m
[0;96m[2024-02-14T19:45:21] [DEBUG] + 	Getting operator (fdaaed869c7e767a4ba54f74c039d468) backpressure from url http://flink-jobmanager:8081/jobs/bc00bccb4b2c99f271e078df73eab9ec/vertices/fdaaed869c7e767a4ba54f74c039d468/subtasks/metrics?get=backPressuredTimeMsPerSecond [0m
[0;96m[2024-02-14T19:45:21] [DEBUG] + 	Getting operator (fdaaed869c7e767a4ba54f74c039d468) busyness from url http://flink-jobmanager:8081/jobs/bc00bccb4b2c99f271e078df73eab9ec/vertices/fdaaed869c7e767a4ba54f74c039d468/subtasks/metrics?get=busyTimeMsPerSecond [0m
[0;96m[2024-02-14T19:45:21] [DEBUG] + 	Getting operator out throughput from url http://flink-jobmanager:8081/jobs/bc00bccb4b2c99f271e078df73eab9ec/vertices/e295af84ff117ecba66421e4f1dcca43/subtasks/metrics?get=numRecordsOutPerSecond [0m
[0;96m[2024-02-14T19:45:21] [DEBUG] + 	Getting operator in throughput from url http://flink-jobmanager:8081/jobs/bc00bccb4b2c99f271e078df73eab9ec/vertices/e295af84ff117ecba66421e4f1dcca43/subtasks/metrics?get=numRecordsInPerSecond [0m
[0;96m[2024-02-14T19:45:21] [DEBUG] + 	Getting operator (e295af84ff117ecba66421e4f1dcca43) backpressure from url http://flink-jobmanager:8081/jobs/bc00bccb4b2c99f271e078df73eab9ec/vertices/e295af84ff117ecba66421e4f1dcca43/subtasks/metrics?get=backPressuredTimeMsPerSecond [0m
[0;96m[2024-02-14T19:45:21] [DEBUG] + 	Getting operator (e295af84ff117ecba66421e4f1dcca43) busyness from url http://flink-jobmanager:8081/jobs/bc00bccb4b2c99f271e078df73eab9ec/vertices/e295af84ff117ecba66421e4f1dcca43/subtasks/metrics?get=busyTimeMsPerSecond [0m
[0;96m[2024-02-14T19:45:21] [DEBUG] + 	Getting operator out throughput from url http://flink-jobmanager:8081/jobs/bc00bccb4b2c99f271e078df73eab9ec/vertices/dca33db40b2f8f122636cd5297c0c511/subtasks/metrics?get=numRecordsOutPerSecond [0m
[0;96m[2024-02-14T19:45:21] [DEBUG] + 	Getting operator in throughput from url http://flink-jobmanager:8081/jobs/bc00bccb4b2c99f271e078df73eab9ec/vertices/dca33db40b2f8f122636cd5297c0c511/subtasks/metrics?get=numRecordsInPerSecond [0m
[0;96m[2024-02-14T19:45:21] [DEBUG] + 	Getting operator (dca33db40b2f8f122636cd5297c0c511) backpressure from url http://flink-jobmanager:8081/jobs/bc00bccb4b2c99f271e078df73eab9ec/vertices/dca33db40b2f8f122636cd5297c0c511/subtasks/metrics?get=backPressuredTimeMsPerSecond [0m
[0;96m[2024-02-14T19:45:21] [DEBUG] + 	Getting operator (dca33db40b2f8f122636cd5297c0c511) busyness from url http://flink-jobmanager:8081/jobs/bc00bccb4b2c99f271e078df73eab9ec/vertices/dca33db40b2f8f122636cd5297c0c511/subtasks/metrics?get=busyTimeMsPerSecond [0m
[0m[2024-02-14T19:45:21] [MONITOR]:: Runtime performance metrics:
[0m[2024-02-14T19:45:21] 	 Job Run Time: 315769 ms

[0;93m[2024-02-14T19:45:21] [WARNING]Back Pressure Level of some operator is HIGH[0m
[0;93m[2024-02-14T19:45:21] [WARNING]Bottleneck detected: e295af84ff117ecba66421e4f1dcca43[0m
[0m[2024-02-14T19:45:21] Waiting to check again the backpressure after 60 seconds...
[0;96m[2024-02-14T19:46:21] [DEBUG] + 	Getting operator out throughput from url http://flink-jobmanager:8081/jobs/bc00bccb4b2c99f271e078df73eab9ec/vertices/fdaaed869c7e767a4ba54f74c039d468/subtasks/metrics?get=numRecordsOutPerSecond [0m
[0;96m[2024-02-14T19:46:21] [DEBUG] + 	Getting operator in throughput from url http://flink-jobmanager:8081/jobs/bc00bccb4b2c99f271e078df73eab9ec/vertices/fdaaed869c7e767a4ba54f74c039d468/subtasks/metrics?get=numRecordsInPerSecond [0m
[0;96m[2024-02-14T19:46:21] [DEBUG] + 	Getting operator (fdaaed869c7e767a4ba54f74c039d468) backpressure from url http://flink-jobmanager:8081/jobs/bc00bccb4b2c99f271e078df73eab9ec/vertices/fdaaed869c7e767a4ba54f74c039d468/subtasks/metrics?get=backPressuredTimeMsPerSecond [0m
[0;96m[2024-02-14T19:46:21] [DEBUG] + 	Getting operator (fdaaed869c7e767a4ba54f74c039d468) busyness from url http://flink-jobmanager:8081/jobs/bc00bccb4b2c99f271e078df73eab9ec/vertices/fdaaed869c7e767a4ba54f74c039d468/subtasks/metrics?get=busyTimeMsPerSecond [0m
[0;96m[2024-02-14T19:46:21] [DEBUG] + 	Getting operator out throughput from url http://flink-jobmanager:8081/jobs/bc00bccb4b2c99f271e078df73eab9ec/vertices/e295af84ff117ecba66421e4f1dcca43/subtasks/metrics?get=numRecordsOutPerSecond [0m
[0;96m[2024-02-14T19:46:21] [DEBUG] + 	Getting operator in throughput from url http://flink-jobmanager:8081/jobs/bc00bccb4b2c99f271e078df73eab9ec/vertices/e295af84ff117ecba66421e4f1dcca43/subtasks/metrics?get=numRecordsInPerSecond [0m
[0;96m[2024-02-14T19:46:21] [DEBUG] + 	Getting operator (e295af84ff117ecba66421e4f1dcca43) backpressure from url http://flink-jobmanager:8081/jobs/bc00bccb4b2c99f271e078df73eab9ec/vertices/e295af84ff117ecba66421e4f1dcca43/subtasks/metrics?get=backPressuredTimeMsPerSecond [0m
[0;96m[2024-02-14T19:46:21] [DEBUG] + 	Getting operator (e295af84ff117ecba66421e4f1dcca43) busyness from url http://flink-jobmanager:8081/jobs/bc00bccb4b2c99f271e078df73eab9ec/vertices/e295af84ff117ecba66421e4f1dcca43/subtasks/metrics?get=busyTimeMsPerSecond [0m
[0;96m[2024-02-14T19:46:21] [DEBUG] + 	Getting operator out throughput from url http://flink-jobmanager:8081/jobs/bc00bccb4b2c99f271e078df73eab9ec/vertices/dca33db40b2f8f122636cd5297c0c511/subtasks/metrics?get=numRecordsOutPerSecond [0m
[0;96m[2024-02-14T19:46:21] [DEBUG] + 	Getting operator in throughput from url http://flink-jobmanager:8081/jobs/bc00bccb4b2c99f271e078df73eab9ec/vertices/dca33db40b2f8f122636cd5297c0c511/subtasks/metrics?get=numRecordsInPerSecond [0m
[0;96m[2024-02-14T19:46:21] [DEBUG] + 	Getting operator (dca33db40b2f8f122636cd5297c0c511) backpressure from url http://flink-jobmanager:8081/jobs/bc00bccb4b2c99f271e078df73eab9ec/vertices/dca33db40b2f8f122636cd5297c0c511/subtasks/metrics?get=backPressuredTimeMsPerSecond [0m
[0;96m[2024-02-14T19:46:22] [DEBUG] + 	Getting operator (dca33db40b2f8f122636cd5297c0c511) busyness from url http://flink-jobmanager:8081/jobs/bc00bccb4b2c99f271e078df73eab9ec/vertices/dca33db40b2f8f122636cd5297c0c511/subtasks/metrics?get=busyTimeMsPerSecond [0m
[0m[2024-02-14T19:46:22] Checking if bottleneck changed...
[0;93m[2024-02-14T19:46:22] [WARNING]Bottleneck is still e295af84ff117ecba66421e4f1dcca43[0m
[0;96m[2024-02-14T19:46:22] [DEBUG] + 	Getting operator out throughput from url http://flink-jobmanager:8081/jobs/bc00bccb4b2c99f271e078df73eab9ec/vertices/fdaaed869c7e767a4ba54f74c039d468/subtasks/metrics?get=numRecordsOutPerSecond [0m
[0;96m[2024-02-14T19:46:22] [DEBUG] + 	Getting operator in throughput from url http://flink-jobmanager:8081/jobs/bc00bccb4b2c99f271e078df73eab9ec/vertices/fdaaed869c7e767a4ba54f74c039d468/subtasks/metrics?get=numRecordsInPerSecond [0m
[0;96m[2024-02-14T19:46:22] [DEBUG] + 	Getting operator (fdaaed869c7e767a4ba54f74c039d468) backpressure from url http://flink-jobmanager:8081/jobs/bc00bccb4b2c99f271e078df73eab9ec/vertices/fdaaed869c7e767a4ba54f74c039d468/subtasks/metrics?get=backPressuredTimeMsPerSecond [0m
[0;96m[2024-02-14T19:46:22] [DEBUG] + 	Getting operator (fdaaed869c7e767a4ba54f74c039d468) busyness from url http://flink-jobmanager:8081/jobs/bc00bccb4b2c99f271e078df73eab9ec/vertices/fdaaed869c7e767a4ba54f74c039d468/subtasks/metrics?get=busyTimeMsPerSecond [0m
[0;96m[2024-02-14T19:46:22] [DEBUG] + 	Getting operator out throughput from url http://flink-jobmanager:8081/jobs/bc00bccb4b2c99f271e078df73eab9ec/vertices/e295af84ff117ecba66421e4f1dcca43/subtasks/metrics?get=numRecordsOutPerSecond [0m
[0;96m[2024-02-14T19:46:22] [DEBUG] + 	Getting operator in throughput from url http://flink-jobmanager:8081/jobs/bc00bccb4b2c99f271e078df73eab9ec/vertices/e295af84ff117ecba66421e4f1dcca43/subtasks/metrics?get=numRecordsInPerSecond [0m
[0;96m[2024-02-14T19:46:22] [DEBUG] + 	Getting operator (e295af84ff117ecba66421e4f1dcca43) backpressure from url http://flink-jobmanager:8081/jobs/bc00bccb4b2c99f271e078df73eab9ec/vertices/e295af84ff117ecba66421e4f1dcca43/subtasks/metrics?get=backPressuredTimeMsPerSecond [0m
[0;96m[2024-02-14T19:46:22] [DEBUG] + 	Getting operator (e295af84ff117ecba66421e4f1dcca43) busyness from url http://flink-jobmanager:8081/jobs/bc00bccb4b2c99f271e078df73eab9ec/vertices/e295af84ff117ecba66421e4f1dcca43/subtasks/metrics?get=busyTimeMsPerSecond [0m
[0;96m[2024-02-14T19:46:22] [DEBUG] + 	Getting operator out throughput from url http://flink-jobmanager:8081/jobs/bc00bccb4b2c99f271e078df73eab9ec/vertices/dca33db40b2f8f122636cd5297c0c511/subtasks/metrics?get=numRecordsOutPerSecond [0m
[0;96m[2024-02-14T19:46:22] [DEBUG] + 	Getting operator in throughput from url http://flink-jobmanager:8081/jobs/bc00bccb4b2c99f271e078df73eab9ec/vertices/dca33db40b2f8f122636cd5297c0c511/subtasks/metrics?get=numRecordsInPerSecond [0m
[0;96m[2024-02-14T19:46:22] [DEBUG] + 	Getting operator (dca33db40b2f8f122636cd5297c0c511) backpressure from url http://flink-jobmanager:8081/jobs/bc00bccb4b2c99f271e078df73eab9ec/vertices/dca33db40b2f8f122636cd5297c0c511/subtasks/metrics?get=backPressuredTimeMsPerSecond [0m
[0;96m[2024-02-14T19:46:22] [DEBUG] + 	Getting operator (dca33db40b2f8f122636cd5297c0c511) busyness from url http://flink-jobmanager:8081/jobs/bc00bccb4b2c99f271e078df73eab9ec/vertices/dca33db40b2f8f122636cd5297c0c511/subtasks/metrics?get=busyTimeMsPerSecond [0m
[0m[2024-02-14T19:46:22] [MONITOR]:: Runtime performance metrics:
[0m[2024-02-14T19:46:22] 	 Job Run Time: 376000 ms
[0m[2024-02-14T19:46:22] Backpressure is still high and the system needs a reconfiguration...
[0m[2024-02-14T19:46:22] [RES_MNGR] Average network latencies
[0m[2024-02-14T19:46:22] 
               parasilo-2     parasilo-20    parasilo-21    parasilo-22    parasilo-24    parasilo-25    parasilo-26    parasilo-27    parasilo-28    parasilo-3     parasilo-4     parasilo-5     parasilo-6     parasilo-7     parasilo-8     parasilo-9     
parasilo-2     1.189          0.571          0.575          0.548          0.575          0.488          0.256          0.493          0.602          0.601          0.203          0.39           0.572          0.515          0.57           0.56           
parasilo-20    0.571          0.021          0.508          0.797          0.566          0.482          0.834          0.544          0.6            0.502          0.695          0.682          0.614          0.683          0.853          0.555          
parasilo-21    0.575          0.508          0.035          0.736          0.643          0.631          0.805          0.692          0.692          0.843          0.752          0.699          0.723          0.242          0.32           0.725          
parasilo-22    0.548          0.797          0.736          0.02           0.615          0.517          0.797          0.707          0.706          0.685          0.771          0.74           0.572          0.445          0.857          0.684          
parasilo-24    0.575          0.566          0.643          0.615          0.032          0.698          0.77           0.63           0.645          0.614          0.745          0.793          0.673          0.698          0.647          0.677          
parasilo-25    0.488          0.482          0.631          0.517          0.698          0.023          0.738          0.73           0.628          0.529          0.685          0.601          0.459          0.528          0.768          0.666          
parasilo-26    0.256          0.834          0.805          0.797          0.77           0.738          0.384          0.824          0.848          0.828          0.44           0.623          0.832          0.781          0.778          0.792          
parasilo-27    0.493          0.544          0.692          0.707          0.63           0.73           0.824          0.02           0.61           0.605          0.74           0.852          0.494          0.387          0.666          0.763          
parasilo-28    0.602          0.6            0.692          0.706          0.645          0.628          0.848          0.61           0.021          0.706          0.761          0.798          0.754          0.683          0.525          0.634          
parasilo-3     0.601          0.502          0.843          0.685          0.614          0.529          0.828          0.605          0.706          0.021          0.73           0.838          0.775          0.538          0.302          0.641          
parasilo-4     0.203          0.695          0.752          0.771          0.745          0.685          0.44           0.74           0.761          0.73           0.789          0.554          0.801          0.697          0.746          0.704          
parasilo-5     0.39           0.682          0.699          0.74           0.793          0.601          0.623          0.852          0.798          0.838          0.554          0.328          0.859          0.811          0.818          0.95           
parasilo-6     0.572          0.614          0.723          0.572          0.673          0.459          0.832          0.494          0.754          0.775          0.801          0.859          0.02           1.07           0.316          0.556          
parasilo-7     0.515          0.683          0.242          0.445          0.698          0.528          0.781          0.387          0.683          0.538          0.697          0.811          1.07           0.031          0.737          0.397          
parasilo-8     0.57           0.853          0.32           0.857          0.647          0.768          0.778          0.666          0.525          0.302          0.746          0.818          0.316          0.737          0.023          0.69           
parasilo-9     0.56           0.555          0.725          0.684          0.677          0.666          0.792          0.763          0.634          0.641          0.704          0.95           0.556          0.397          0.69           0.021          

[0m[2024-02-14T19:46:22] [RES_MNGR] Shortest path nodes: ['parasilo-2', 'parasilo-4', 'parasilo-26', 'parasilo-5', 'parasilo-25', 'parasilo-27', 'parasilo-7', 'parasilo-22', 'parasilo-9', 'parasilo-8', 'parasilo-20', 'parasilo-6', 'parasilo-24', 'parasilo-21', 'parasilo-3', 'parasilo-28']
[0m[2024-02-14T19:46:22] [RES_MNGR] Observed delays: [0, 0.2028, 0.25570000000000004, 0.3902, 0.4878, 0.4927999999999999, 0.5152, 0.5480000000000002, 0.5604000000000001, 0.5699, 0.5710000000000001, 0.5720000000000001, 0.5745999999999999, 0.5749, 0.6006999999999998, 0.6017, 0.4398000000000001]
[0m[2024-02-14T19:46:22] [RES_MNGR] NDmax: 1.1891000000000003
/transscale/utils/prediction/models/ParallelismModel.py:39: OptimizeWarning: Covariance of the parameters could not be estimated
  popt, _ = curve_fit(lambda x, alpha, gamma: alpha * x[0] - gamma * x[1],
[0m[2024-02-14T19:46:22] [COMBO_CTRL] Reconf: Scale Up Map from par 1
[0;96m[2024-02-14T19:46:22] [DEBUG] + [PRED_MATRIX] Current prediction matrix is:
 [[      0.       0.       0.]
 [      0.  109177.  218354.]
 [      0.  218354.  436708.]
 [      0.  327531.  655062.]
 [      0.  436708.  873416.]
 [      0.  545885. 1091770.]
 [      0.  655062. 1310124.]
 [      0.  764239. 1528478.]
 [      0.  873416. 1746832.]
 [      0.  982593. 1965186.]
 [      0. 1091770. 2183540.]
 [      0. 1200947. 2401894.]
 [      0. 1310124. 2620248.]
 [      0. 1419301. 2838602.]
 [      0. 1528478. 3056956.]
 [      0. 1637655. 3275310.]
 [      0. 1746832. 3493664.]] [0m
[0;96m[2024-02-14T19:46:22] [DEBUG] + [PRED_MATRIX] 	par, transp: 1, 1 target tput: 109177 new_tput %: 109177.0 tput diff %: 0  [0m
[0;96m[2024-02-14T19:46:22] [DEBUG] + [PRED_MATRIX] 	par, transp: 1, 2 target tput: 109177 new_tput %: 218354.0 tput diff %: 50.0 ADDED [0m
[0;96m[2024-02-14T19:46:22] [DEBUG] + [PRED_MATRIX] 	par, transp: 2, 1 target tput: 109177 new_tput %: 218354.0 tput diff %: 50.0 ADDED [0m
[0;96m[2024-02-14T19:46:22] [DEBUG] + [PRED_MATRIX] Scaling Possibilities: [(1, 2), (2, 1)] [0m

[0;96m[2024-02-14T19:46:22] [DEBUG] + 	Getting overview info from url http://flink-jobmanager:8081/overview [0m
[0m[2024-02-14T19:46:22] 
*******************************************************
[0m[2024-02-14T19:46:22] [RES_MNGR] Re-configuring PARALLELISM
[0m[2024-02-14T19:46:22] 	Current Parallelism: 1
[0m[2024-02-14T19:46:22] 	Target Parallelism: 2
[0m[2024-02-14T19:46:22] [RES_MNGR] Stopping Flink for re-configuration...
[0m[2024-02-14T19:46:26] Running command ['/bin/sh', '-c', 'flink stop bc00bccb4b2c99f271e078df73eab9ec'] on pod flink-jobmanager-6b66c4c964-5bwwv
[0m[2024-02-14T19:46:49] [RES_MNGR] Re-scaling number of task managers...
[0;96m[2024-02-14T19:46:49] [DEBUG] + 	Getting overview info from url http://flink-jobmanager:8081/overview [0m
[0m[2024-02-14T19:46:49] [RES_MNGR] Average network latencies
[0m[2024-02-14T19:46:49] 
               parasilo-2     parasilo-20    parasilo-21    parasilo-22    parasilo-24    parasilo-25    parasilo-26    parasilo-27    parasilo-28    parasilo-3     parasilo-4     parasilo-5     parasilo-6     parasilo-7     parasilo-8     parasilo-9     
parasilo-2     0.893          0.776          0.71           0.684          0.769          0.614          0.718          0.686          0.772          0.762          0.446          0.454          0.752          0.74           0.667          0.736          
parasilo-20    0.776          0.02           0.5            0.772          0.56           0.464          1.092          0.563          0.638          0.53           0.396          0.684          0.608          0.737          0.872          0.557          
parasilo-21    0.71           0.5            0.021          0.675          0.578          0.578          1.053          0.646          0.673          0.848          0.397          0.672          0.642          0.249          0.294          0.669          
parasilo-22    0.684          0.772          0.675          0.02           0.565          0.521          0.985          0.654          0.692          0.676          0.505          0.679          0.557          0.476          0.771          0.636          
parasilo-24    0.769          0.56           0.578          0.565          0.021          0.666          1.035          0.584          0.645          0.616          0.408          0.745          0.652          0.696          0.598          0.646          
parasilo-25    0.614          0.464          0.578          0.521          0.666          0.028          0.912          0.696          0.618          0.528          0.426          0.548          0.46           0.562          0.698          0.622          
parasilo-26    0.718          1.092          1.053          0.985          1.035          0.912          0.91           1.083          1.141          1.076          0.508          0.756          1.099          1.1            1.02           1.077          
parasilo-27    0.686          0.563          0.646          0.654          0.584          0.696          1.083          0.02           0.613          0.617          0.471          0.754          0.459          0.4            0.645          0.732          
parasilo-28    0.772          0.638          0.673          0.692          0.645          0.618          1.141          0.613          0.02           0.746          0.56           0.736          0.769          0.729          0.52           0.628          
parasilo-3     0.762          0.53           0.848          0.676          0.616          0.528          1.076          0.617          0.746          0.022          0.51           0.674          0.804          0.573          0.293          0.646          
parasilo-4     0.446          0.396          0.397          0.505          0.408          0.426          0.508          0.471          0.56           0.51           0.683          0.243          0.577          0.429          0.49           0.415          
parasilo-5     0.454          0.684          0.672          0.679          0.745          0.548          0.756          0.754          0.736          0.674          0.243          0.204          0.814          0.779          0.655          0.861          
parasilo-6     0.752          0.608          0.642          0.557          0.652          0.46           1.099          0.459          0.769          0.804          0.577          0.814          0.021          1.105          0.271          0.531          
parasilo-7     0.74           0.737          0.249          0.476          0.696          0.562          1.1            0.4            0.729          0.573          0.429          0.779          1.105          0.032          0.735          0.406          
parasilo-8     0.667          0.872          0.294          0.771          0.598          0.698          1.02           0.645          0.52           0.293          0.49           0.655          0.271          0.735          0.02           0.628          
parasilo-9     0.736          0.557          0.669          0.636          0.646          0.622          1.077          0.732          0.628          0.646          0.415          0.861          0.531          0.406          0.628          0.027          

[0m[2024-02-14T19:46:49] [RES_MNGR] Shortest path nodes: ['parasilo-2', 'parasilo-4']
[0m[2024-02-14T19:46:49] [RES_MNGR] Observed delays: [0, 0.44560000000000005]
[0m[2024-02-14T19:46:49] [RES_MNGR] NDmax: 0.7756000000000001
[0;96m[2024-02-14T19:46:49] [DEBUG] + 	 Running taskmanager reset: target_par 0  [0m
[0m[2024-02-14T19:46:49] Deployment flink-taskmanager scaled to 0 replica.
[0;96m[2024-02-14T19:46:52] [DEBUG] + 	 Running taskmanager rescale: target_par 2  [0m
[0m[2024-02-14T19:46:52] Deployment flink-taskmanager scaled to 2 replica.
[0;96m[2024-02-14T19:46:57] [DEBUG] + 	Getting overview info from url http://flink-jobmanager:8081/overview [0m
[0;96m[2024-02-14T19:46:57] [DEBUG] + 	Current Taskmanagers: 0 [0m
[0;96m[2024-02-14T19:46:57] [DEBUG] + 	Target Parallelism: 2 [0m
[0;96m[2024-02-14T19:47:02] [DEBUG] + 	Getting overview info from url http://flink-jobmanager:8081/overview [0m
[0;96m[2024-02-14T19:47:02] [DEBUG] + 	Current Taskmanagers: 2 [0m
[0;96m[2024-02-14T19:47:02] [DEBUG] + 	Target Parallelism: 2 [0m
[0m[2024-02-14T19:47:02] [RES_MNGR] Resuming Flink with new configuration...
[0m[2024-02-14T19:47:02] Running job /tmp/jobs/mymap-transscale-all.jar
[0m[2024-02-14T19:47:07] Running command ['/bin/sh', '-c', "flink run -s s3://flink-bucket/savepoints/savepoint-bc00bc-d5ae9b4bfafe -d -j /tmp/jobs/mymap-transscale-all.jar --parmap 'Sink__Sink:1;Map:2;Source__Source:1'"] on pod flink-jobmanager-6b66c4c964-5bwwv
[0;96m[2024-02-14T19:47:32] [DEBUG] + Job is running, waiting to check for errors [0m
[0m[2024-02-14T19:47:47] 
*******************************************************
[0m[2024-02-14T19:47:47] Warming up for 240 seconds
[0m[2024-02-14T19:51:47] [MONITOR]: Retrieving job details from flink-jobmanager:8081 ...
[0m[2024-02-14T19:51:47] [MONITOR]:: Details about the job:
[0m[2024-02-14T19:51:47] 	 Job ID: c5711a018cd75e724e169cf33b232415
[0m[2024-02-14T19:51:47] 	 Operators: 3
[0m[2024-02-14T19:51:47] TRANSSCALE:: Monitoring the throughput and back pressure every 60 seconds...
[0m[2024-02-14T19:52:47] 
TRANSSCALE:: Periodic Monitoring...
[0;96m[2024-02-14T19:52:47] [DEBUG] + 	Getting operator out throughput from url http://flink-jobmanager:8081/jobs/c5711a018cd75e724e169cf33b232415/vertices/fdaaed869c7e767a4ba54f74c039d468/subtasks/metrics?get=numRecordsOutPerSecond [0m
[0;96m[2024-02-14T19:52:47] [DEBUG] + 	Getting operator in throughput from url http://flink-jobmanager:8081/jobs/c5711a018cd75e724e169cf33b232415/vertices/fdaaed869c7e767a4ba54f74c039d468/subtasks/metrics?get=numRecordsInPerSecond [0m
[0;96m[2024-02-14T19:52:47] [DEBUG] + 	Getting operator (fdaaed869c7e767a4ba54f74c039d468) backpressure from url http://flink-jobmanager:8081/jobs/c5711a018cd75e724e169cf33b232415/vertices/fdaaed869c7e767a4ba54f74c039d468/subtasks/metrics?get=backPressuredTimeMsPerSecond [0m
[0;96m[2024-02-14T19:52:47] [DEBUG] + 	Getting operator (fdaaed869c7e767a4ba54f74c039d468) busyness from url http://flink-jobmanager:8081/jobs/c5711a018cd75e724e169cf33b232415/vertices/fdaaed869c7e767a4ba54f74c039d468/subtasks/metrics?get=busyTimeMsPerSecond [0m
[0;96m[2024-02-14T19:52:47] [DEBUG] + 	Getting operator out throughput from url http://flink-jobmanager:8081/jobs/c5711a018cd75e724e169cf33b232415/vertices/e295af84ff117ecba66421e4f1dcca43/subtasks/metrics?get=numRecordsOutPerSecond [0m
[0;96m[2024-02-14T19:52:47] [DEBUG] + 	Getting operator in throughput from url http://flink-jobmanager:8081/jobs/c5711a018cd75e724e169cf33b232415/vertices/e295af84ff117ecba66421e4f1dcca43/subtasks/metrics?get=numRecordsInPerSecond [0m
[0;96m[2024-02-14T19:52:47] [DEBUG] + 	Getting operator (e295af84ff117ecba66421e4f1dcca43) backpressure from url http://flink-jobmanager:8081/jobs/c5711a018cd75e724e169cf33b232415/vertices/e295af84ff117ecba66421e4f1dcca43/subtasks/metrics?get=backPressuredTimeMsPerSecond [0m
[0;96m[2024-02-14T19:52:47] [DEBUG] + 	Getting operator (e295af84ff117ecba66421e4f1dcca43) busyness from url http://flink-jobmanager:8081/jobs/c5711a018cd75e724e169cf33b232415/vertices/e295af84ff117ecba66421e4f1dcca43/subtasks/metrics?get=busyTimeMsPerSecond [0m
[0;96m[2024-02-14T19:52:47] [DEBUG] + 	Getting operator out throughput from url http://flink-jobmanager:8081/jobs/c5711a018cd75e724e169cf33b232415/vertices/dca33db40b2f8f122636cd5297c0c511/subtasks/metrics?get=numRecordsOutPerSecond [0m
[0;96m[2024-02-14T19:52:47] [DEBUG] + 	Getting operator in throughput from url http://flink-jobmanager:8081/jobs/c5711a018cd75e724e169cf33b232415/vertices/dca33db40b2f8f122636cd5297c0c511/subtasks/metrics?get=numRecordsInPerSecond [0m
[0;96m[2024-02-14T19:52:47] [DEBUG] + 	Getting operator (dca33db40b2f8f122636cd5297c0c511) backpressure from url http://flink-jobmanager:8081/jobs/c5711a018cd75e724e169cf33b232415/vertices/dca33db40b2f8f122636cd5297c0c511/subtasks/metrics?get=backPressuredTimeMsPerSecond [0m
[0;96m[2024-02-14T19:52:47] [DEBUG] + 	Getting operator (dca33db40b2f8f122636cd5297c0c511) busyness from url http://flink-jobmanager:8081/jobs/c5711a018cd75e724e169cf33b232415/vertices/dca33db40b2f8f122636cd5297c0c511/subtasks/metrics?get=busyTimeMsPerSecond [0m
[0m[2024-02-14T19:52:48] [MONITOR]:: Runtime performance metrics:
[0m[2024-02-14T19:52:48] 	 Job Run Time: 330597 ms

[0;93m[2024-02-14T19:52:48] [WARNING]Back Pressure Level low, preparing for scale down[0m
[0;93m[2024-02-14T19:52:48] [WARNING]Resources are already at max level for operator fdaaed869c7e767a4ba54f74c039d468. Cannot scale-down.[0m
[0m[2024-02-14T19:52:48] [RES_MNGR] Average network latencies
[0m[2024-02-14T19:52:48] 
               parasilo-2     parasilo-20    parasilo-21    parasilo-22    parasilo-24    parasilo-25    parasilo-26    parasilo-27    parasilo-28    parasilo-3     parasilo-4     parasilo-5     parasilo-6     parasilo-7     parasilo-8     parasilo-9     
parasilo-2     0.048          0.537          0.624          0.622          0.617          0.603          0.657          0.503          0.794          0.818          0.58           0.722          0.396          0.61           0.657          0.5            
parasilo-20    0.537          0.023          0.539          0.886          0.636          0.502          0.798          0.698          0.726          0.532          0.716          0.834          0.647          0.649          0.834          0.819          
parasilo-21    0.624          0.539          0.026          0.798          0.567          0.629          0.811          0.95           0.606          0.879          0.805          0.849          0.658          0.694          0.418          0.769          
parasilo-22    0.622          0.886          0.798          0.042          0.559          0.29           0.751          0.631          0.649          0.741          0.65           0.788          0.679          0.573          0.652          0.695          
parasilo-24    0.617          0.636          0.567          0.559          0.048          0.889          0.762          0.645          0.818          0.708          0.698          0.848          0.803          0.659          0.636          0.756          
parasilo-25    0.603          0.502          0.629          0.29           0.889          0.021          0.757          0.756          0.573          0.531          0.659          0.764          0.525          0.76           0.611          0.743          
parasilo-26    0.657          0.798          0.811          0.751          0.762          0.757          0.423          0.821          0.838          0.793          0.467          0.675          0.725          0.736          0.729          0.734          
parasilo-27    0.503          0.698          0.95           0.631          0.645          0.756          0.821          0.029          0.561          0.688          0.692          0.751          0.534          0.586          0.591          0.827          
parasilo-28    0.794          0.726          0.606          0.649          0.818          0.573          0.838          0.561          0.024          0.82           0.774          0.866          0.766          0.704          0.667          0.514          
parasilo-3     0.818          0.532          0.879          0.741          0.708          0.531          0.793          0.688          0.82           0.043          0.722          0.875          0.761          0.653          0.423          0.62           
parasilo-4     0.58           0.716          0.805          0.65           0.698          0.659          0.467          0.692          0.774          0.722          0.291          0.581          0.651          0.704          0.699          0.719          
parasilo-5     0.722          0.834          0.849          0.788          0.848          0.764          0.675          0.751          0.866          0.875          0.581          0.507          0.775          0.799          0.729          0.936          
parasilo-6     0.396          0.647          0.658          0.679          0.803          0.525          0.725          0.534          0.766          0.761          0.651          0.775          0.02           0.753          0.538          0.485          
parasilo-7     0.61           0.649          0.694          0.573          0.659          0.76           0.736          0.586          0.704          0.653          0.704          0.799          0.753          0.022          0.619          0.527          
parasilo-8     0.657          0.834          0.418          0.652          0.636          0.611          0.729          0.591          0.667          0.423          0.699          0.729          0.538          0.619          0.034          0.673          
parasilo-9     0.5            0.819          0.769          0.695          0.756          0.743          0.734          0.827          0.514          0.62           0.719          0.936          0.485          0.527          0.673          0.022          

[0m[2024-02-14T19:52:48] [RES_MNGR] Shortest path nodes: ['parasilo-2', 'parasilo-6', 'parasilo-9', 'parasilo-27', 'parasilo-20', 'parasilo-4', 'parasilo-25', 'parasilo-7', 'parasilo-24', 'parasilo-22', 'parasilo-21', 'parasilo-26', 'parasilo-8', 'parasilo-5', 'parasilo-28', 'parasilo-3']
[0m[2024-02-14T19:52:48] [RES_MNGR] Observed delays: [0, 0.3959, 0.4995, 0.5029, 0.537, 0.5803999999999998, 0.6034999999999998, 0.6095999999999999, 0.6171, 0.6220999999999999, 0.6245, 0.6565999999999999, 0.6571, 0.7217, 0.7939, 0.8183999999999999, 0.48500000000000004]
[0m[2024-02-14T19:52:48] [RES_MNGR] NDmax: 0.9503999999999999
[0m[2024-02-14T19:52:48] [COMBO_CTRL] Reconf: Scale Down Map from par 2
[0;96m[2024-02-14T19:52:48] [DEBUG] + [PRED_MATRIX] Current prediction matrix is:
 [[      0.       0.       0.]
 [      0.  109177.  218354.]
 [      0.  218354.  436708.]
 [      0.  327531.  655062.]
 [      0.  436708.  873416.]
 [      0.  545885. 1091770.]
 [      0.  655062. 1310124.]
 [      0.  764239. 1528478.]
 [      0.  873416. 1746832.]
 [      0.  982593. 1965186.]
 [      0. 1091770. 2183540.]
 [      0. 1200947. 2401894.]
 [      0. 1310124. 2620248.]
 [      0. 1419301. 2838602.]
 [      0. 1528478. 3056956.]
 [      0. 1637655. 3275310.]
 [      0. 1746832. 3493664.]] [0m
[0;96m[2024-02-14T19:52:48] [DEBUG] + [PRED_MATRIX] 	par, transp: 1, 1 target tput: 162502 new_tput %: 109177.0 tput diff %: -48.84270496533153  [0m
[0;96m[2024-02-14T19:52:48] [DEBUG] + [PRED_MATRIX] 	par, transp: 1, 2 target tput: 162502 new_tput %: 218354.0 tput diff %: 25.578647517334236  [0m
[0;96m[2024-02-14T19:52:48] [DEBUG] + [PRED_MATRIX] 	par, transp: 2, 1 target tput: 162502 new_tput %: 218354.0 tput diff %: 25.578647517334236  [0m
[0;96m[2024-02-14T19:52:48] [DEBUG] + [PRED_MATRIX] 	par, transp: 2, 2 target tput: 162502 new_tput %: 436708.0 tput diff %: 62.789323758667116 ADDED [0m
[0;96m[2024-02-14T19:52:48] [DEBUG] + [PRED_MATRIX] 	par, transp: 3, 1 target tput: 162502 new_tput %: 327531.0 tput diff %: 50.38576501155616 ADDED [0m
[0;96m[2024-02-14T19:52:48] [DEBUG] + [PRED_MATRIX] Scaling Possibilities: [(2, 2), (3, 1)] [0m
[0;93m[2024-02-14T19:52:48] [WARNING]Resources are already at max level for operator dca33db40b2f8f122636cd5297c0c511. Cannot scale-down.[0m
[0;93m[2024-02-14T19:52:48] [WARNING]TRANSSCALE:: Couldn't rescale
[0m
[0m[2024-02-14T19:53:48] 
TRANSSCALE:: Periodic Monitoring...
[0;96m[2024-02-14T19:53:48] [DEBUG] + 	Getting operator out throughput from url http://flink-jobmanager:8081/jobs/c5711a018cd75e724e169cf33b232415/vertices/fdaaed869c7e767a4ba54f74c039d468/subtasks/metrics?get=numRecordsOutPerSecond [0m
[0;96m[2024-02-14T19:53:48] [DEBUG] + 	Getting operator in throughput from url http://flink-jobmanager:8081/jobs/c5711a018cd75e724e169cf33b232415/vertices/fdaaed869c7e767a4ba54f74c039d468/subtasks/metrics?get=numRecordsInPerSecond [0m
[0;96m[2024-02-14T19:53:48] [DEBUG] + 	Getting operator (fdaaed869c7e767a4ba54f74c039d468) backpressure from url http://flink-jobmanager:8081/jobs/c5711a018cd75e724e169cf33b232415/vertices/fdaaed869c7e767a4ba54f74c039d468/subtasks/metrics?get=backPressuredTimeMsPerSecond [0m
[0;96m[2024-02-14T19:53:48] [DEBUG] + 	Getting operator (fdaaed869c7e767a4ba54f74c039d468) busyness from url http://flink-jobmanager:8081/jobs/c5711a018cd75e724e169cf33b232415/vertices/fdaaed869c7e767a4ba54f74c039d468/subtasks/metrics?get=busyTimeMsPerSecond [0m
[0;96m[2024-02-14T19:53:48] [DEBUG] + 	Getting operator out throughput from url http://flink-jobmanager:8081/jobs/c5711a018cd75e724e169cf33b232415/vertices/e295af84ff117ecba66421e4f1dcca43/subtasks/metrics?get=numRecordsOutPerSecond [0m
[0;96m[2024-02-14T19:53:48] [DEBUG] + 	Getting operator in throughput from url http://flink-jobmanager:8081/jobs/c5711a018cd75e724e169cf33b232415/vertices/e295af84ff117ecba66421e4f1dcca43/subtasks/metrics?get=numRecordsInPerSecond [0m
[0;96m[2024-02-14T19:53:48] [DEBUG] + 	Getting operator (e295af84ff117ecba66421e4f1dcca43) backpressure from url http://flink-jobmanager:8081/jobs/c5711a018cd75e724e169cf33b232415/vertices/e295af84ff117ecba66421e4f1dcca43/subtasks/metrics?get=backPressuredTimeMsPerSecond [0m
[0;96m[2024-02-14T19:53:48] [DEBUG] + 	Getting operator (e295af84ff117ecba66421e4f1dcca43) busyness from url http://flink-jobmanager:8081/jobs/c5711a018cd75e724e169cf33b232415/vertices/e295af84ff117ecba66421e4f1dcca43/subtasks/metrics?get=busyTimeMsPerSecond [0m
[0;96m[2024-02-14T19:53:48] [DEBUG] + 	Getting operator out throughput from url http://flink-jobmanager:8081/jobs/c5711a018cd75e724e169cf33b232415/vertices/dca33db40b2f8f122636cd5297c0c511/subtasks/metrics?get=numRecordsOutPerSecond [0m
[0;96m[2024-02-14T19:53:48] [DEBUG] + 	Getting operator in throughput from url http://flink-jobmanager:8081/jobs/c5711a018cd75e724e169cf33b232415/vertices/dca33db40b2f8f122636cd5297c0c511/subtasks/metrics?get=numRecordsInPerSecond [0m
[0;96m[2024-02-14T19:53:48] [DEBUG] + 	Getting operator (dca33db40b2f8f122636cd5297c0c511) backpressure from url http://flink-jobmanager:8081/jobs/c5711a018cd75e724e169cf33b232415/vertices/dca33db40b2f8f122636cd5297c0c511/subtasks/metrics?get=backPressuredTimeMsPerSecond [0m
[0;96m[2024-02-14T19:53:48] [DEBUG] + 	Getting operator (dca33db40b2f8f122636cd5297c0c511) busyness from url http://flink-jobmanager:8081/jobs/c5711a018cd75e724e169cf33b232415/vertices/dca33db40b2f8f122636cd5297c0c511/subtasks/metrics?get=busyTimeMsPerSecond [0m
[0m[2024-02-14T19:53:48] [MONITOR]:: Runtime performance metrics:
[0m[2024-02-14T19:53:48] 	 Job Run Time: 390742 ms

[0;93m[2024-02-14T19:53:48] [WARNING]Back Pressure Level low, preparing for scale down[0m
[0;93m[2024-02-14T19:53:48] [WARNING]Resources are already at max level for operator fdaaed869c7e767a4ba54f74c039d468. Cannot scale-down.[0m
[0m[2024-02-14T19:53:48] [RES_MNGR] Average network latencies
[0m[2024-02-14T19:53:48] 
               parasilo-2     parasilo-20    parasilo-21    parasilo-22    parasilo-24    parasilo-25    parasilo-26    parasilo-27    parasilo-28    parasilo-3     parasilo-4     parasilo-5     parasilo-6     parasilo-7     parasilo-8     parasilo-9     
parasilo-2     0.023          0.52           0.544          0.558          0.58           0.554          0.668          0.527          0.74           0.755          0.603          0.715          0.417          0.544          0.649          0.557          
parasilo-20    0.52           0.026          0.509          0.894          0.629          0.519          0.818          0.695          0.688          0.496          0.792          0.824          0.681          0.64           0.861          0.853          
parasilo-21    0.544          0.509          0.023          0.735          0.55           0.553          0.762          0.9            0.524          0.791          0.778          0.782          0.612          0.624          0.413          0.744          
