[0m[2024-02-06T19:41:33] TRANSSCALE:: Starting auto-scaler...

[0m[2024-02-06T19:41:33] [LOGGER] New debug level: 1
[0m[2024-02-06T19:41:33] Starting RTT matrix update thread
[0;96m[2024-02-06T19:41:33] [DEBUG] + [RECONF_MNGR] Selected strategy is transscale.strategies.ParallelismOnly [0m
[0;96m[2024-02-06T19:41:33] [DEBUG] + [RECONF_MNGR] Strategy imported [0m
[0;96m[2024-02-06T19:41:33] [DEBUG] +  [0m[0m[2024-02-06T19:41:33] [RECONF_STRAT] Using PARALLELISM ONLY strategy
[0m[2024-02-06T19:41:33] [MONITOR]: Retrieving job details from flink-jobmanager:8081 ...
[0m[2024-02-06T19:41:33] [MONITOR]:: Details about the job:
[0m[2024-02-06T19:41:33] 	 Job ID: f0c902ea2f0f5d3afc9dadf4e6eadd6a
[0m[2024-02-06T19:41:33] 	 Operators: 3
[0m[2024-02-06T19:41:33] 
*******************************************************
[0m[2024-02-06T19:41:33] Warming up for 140 seconds
[0m[2024-02-06T19:43:53] [MONITOR]: Retrieving job details from flink-jobmanager:8081 ...
[0m[2024-02-06T19:43:53] [MONITOR]:: Details about the job:
[0m[2024-02-06T19:43:53] 	 Job ID: f0c902ea2f0f5d3afc9dadf4e6eadd6a
[0m[2024-02-06T19:43:53] 	 Operators: 3
[0m[2024-02-06T19:43:53] TRANSSCALE:: Monitoring the throughput and back pressure every 60 seconds...
[0m[2024-02-06T19:44:53] 
TRANSSCALE:: Periodic Monitoring...
[0;96m[2024-02-06T19:44:53] [DEBUG] + 	Getting operator out throughput from url http://flink-jobmanager:8081/jobs/f0c902ea2f0f5d3afc9dadf4e6eadd6a/vertices/fdaaed869c7e767a4ba54f74c039d468/subtasks/metrics?get=numRecordsOutPerSecond [0m
[0;96m[2024-02-06T19:44:53] [DEBUG] + 	Getting operator in throughput from url http://flink-jobmanager:8081/jobs/f0c902ea2f0f5d3afc9dadf4e6eadd6a/vertices/fdaaed869c7e767a4ba54f74c039d468/subtasks/metrics?get=numRecordsInPerSecond [0m
[0;96m[2024-02-06T19:44:53] [DEBUG] + 	Getting operator (fdaaed869c7e767a4ba54f74c039d468) backpressure from url http://flink-jobmanager:8081/jobs/f0c902ea2f0f5d3afc9dadf4e6eadd6a/vertices/fdaaed869c7e767a4ba54f74c039d468/subtasks/metrics?get=backPressuredTimeMsPerSecond [0m
[0;96m[2024-02-06T19:44:53] [DEBUG] + 	Getting operator (fdaaed869c7e767a4ba54f74c039d468) busyness from url http://flink-jobmanager:8081/jobs/f0c902ea2f0f5d3afc9dadf4e6eadd6a/vertices/fdaaed869c7e767a4ba54f74c039d468/subtasks/metrics?get=busyTimeMsPerSecond [0m
[0;96m[2024-02-06T19:44:53] [DEBUG] + 	Getting operator out throughput from url http://flink-jobmanager:8081/jobs/f0c902ea2f0f5d3afc9dadf4e6eadd6a/vertices/e295af84ff117ecba66421e4f1dcca43/subtasks/metrics?get=numRecordsOutPerSecond [0m
[0;96m[2024-02-06T19:44:53] [DEBUG] + 	Getting operator in throughput from url http://flink-jobmanager:8081/jobs/f0c902ea2f0f5d3afc9dadf4e6eadd6a/vertices/e295af84ff117ecba66421e4f1dcca43/subtasks/metrics?get=numRecordsInPerSecond [0m
[0;96m[2024-02-06T19:44:53] [DEBUG] + 	Getting operator (e295af84ff117ecba66421e4f1dcca43) backpressure from url http://flink-jobmanager:8081/jobs/f0c902ea2f0f5d3afc9dadf4e6eadd6a/vertices/e295af84ff117ecba66421e4f1dcca43/subtasks/metrics?get=backPressuredTimeMsPerSecond [0m
[0;96m[2024-02-06T19:44:53] [DEBUG] + 	Getting operator (e295af84ff117ecba66421e4f1dcca43) busyness from url http://flink-jobmanager:8081/jobs/f0c902ea2f0f5d3afc9dadf4e6eadd6a/vertices/e295af84ff117ecba66421e4f1dcca43/subtasks/metrics?get=busyTimeMsPerSecond [0m
[0;96m[2024-02-06T19:44:53] [DEBUG] + 	Getting operator out throughput from url http://flink-jobmanager:8081/jobs/f0c902ea2f0f5d3afc9dadf4e6eadd6a/vertices/dca33db40b2f8f122636cd5297c0c511/subtasks/metrics?get=numRecordsOutPerSecond [0m
[0;96m[2024-02-06T19:44:53] [DEBUG] + 	Getting operator in throughput from url http://flink-jobmanager:8081/jobs/f0c902ea2f0f5d3afc9dadf4e6eadd6a/vertices/dca33db40b2f8f122636cd5297c0c511/subtasks/metrics?get=numRecordsInPerSecond [0m
[0;96m[2024-02-06T19:44:53] [DEBUG] + 	Getting operator (dca33db40b2f8f122636cd5297c0c511) backpressure from url http://flink-jobmanager:8081/jobs/f0c902ea2f0f5d3afc9dadf4e6eadd6a/vertices/dca33db40b2f8f122636cd5297c0c511/subtasks/metrics?get=backPressuredTimeMsPerSecond [0m
[0;96m[2024-02-06T19:44:53] [DEBUG] + 	Getting operator (dca33db40b2f8f122636cd5297c0c511) busyness from url http://flink-jobmanager:8081/jobs/f0c902ea2f0f5d3afc9dadf4e6eadd6a/vertices/dca33db40b2f8f122636cd5297c0c511/subtasks/metrics?get=busyTimeMsPerSecond [0m
[0m[2024-02-06T19:44:53] [MONITOR]:: Runtime performance metrics:
[0m[2024-02-06T19:44:53] 	 Job Run Time: 206055 ms

[0;93m[2024-02-06T19:44:53] [WARNING]Back Pressure Level of some operator is HIGH[0m
[0;93m[2024-02-06T19:44:53] [WARNING]Bottleneck detected: e295af84ff117ecba66421e4f1dcca43[0m
[0m[2024-02-06T19:44:53] Waiting to check again the backpressure after 60 seconds...
[0;96m[2024-02-06T19:45:53] [DEBUG] + 	Getting operator out throughput from url http://flink-jobmanager:8081/jobs/f0c902ea2f0f5d3afc9dadf4e6eadd6a/vertices/fdaaed869c7e767a4ba54f74c039d468/subtasks/metrics?get=numRecordsOutPerSecond [0m
[0;96m[2024-02-06T19:45:53] [DEBUG] + 	Getting operator in throughput from url http://flink-jobmanager:8081/jobs/f0c902ea2f0f5d3afc9dadf4e6eadd6a/vertices/fdaaed869c7e767a4ba54f74c039d468/subtasks/metrics?get=numRecordsInPerSecond [0m
[0;96m[2024-02-06T19:45:53] [DEBUG] + 	Getting operator (fdaaed869c7e767a4ba54f74c039d468) backpressure from url http://flink-jobmanager:8081/jobs/f0c902ea2f0f5d3afc9dadf4e6eadd6a/vertices/fdaaed869c7e767a4ba54f74c039d468/subtasks/metrics?get=backPressuredTimeMsPerSecond [0m
[0;96m[2024-02-06T19:45:53] [DEBUG] + 	Getting operator (fdaaed869c7e767a4ba54f74c039d468) busyness from url http://flink-jobmanager:8081/jobs/f0c902ea2f0f5d3afc9dadf4e6eadd6a/vertices/fdaaed869c7e767a4ba54f74c039d468/subtasks/metrics?get=busyTimeMsPerSecond [0m
[0;96m[2024-02-06T19:45:53] [DEBUG] + 	Getting operator out throughput from url http://flink-jobmanager:8081/jobs/f0c902ea2f0f5d3afc9dadf4e6eadd6a/vertices/e295af84ff117ecba66421e4f1dcca43/subtasks/metrics?get=numRecordsOutPerSecond [0m
[0;96m[2024-02-06T19:45:53] [DEBUG] + 	Getting operator in throughput from url http://flink-jobmanager:8081/jobs/f0c902ea2f0f5d3afc9dadf4e6eadd6a/vertices/e295af84ff117ecba66421e4f1dcca43/subtasks/metrics?get=numRecordsInPerSecond [0m
[0;96m[2024-02-06T19:45:53] [DEBUG] + 	Getting operator (e295af84ff117ecba66421e4f1dcca43) backpressure from url http://flink-jobmanager:8081/jobs/f0c902ea2f0f5d3afc9dadf4e6eadd6a/vertices/e295af84ff117ecba66421e4f1dcca43/subtasks/metrics?get=backPressuredTimeMsPerSecond [0m
[0;96m[2024-02-06T19:45:53] [DEBUG] + 	Getting operator (e295af84ff117ecba66421e4f1dcca43) busyness from url http://flink-jobmanager:8081/jobs/f0c902ea2f0f5d3afc9dadf4e6eadd6a/vertices/e295af84ff117ecba66421e4f1dcca43/subtasks/metrics?get=busyTimeMsPerSecond [0m
[0;96m[2024-02-06T19:45:53] [DEBUG] + 	Getting operator out throughput from url http://flink-jobmanager:8081/jobs/f0c902ea2f0f5d3afc9dadf4e6eadd6a/vertices/dca33db40b2f8f122636cd5297c0c511/subtasks/metrics?get=numRecordsOutPerSecond [0m
[0;96m[2024-02-06T19:45:53] [DEBUG] + 	Getting operator in throughput from url http://flink-jobmanager:8081/jobs/f0c902ea2f0f5d3afc9dadf4e6eadd6a/vertices/dca33db40b2f8f122636cd5297c0c511/subtasks/metrics?get=numRecordsInPerSecond [0m
[0;96m[2024-02-06T19:45:53] [DEBUG] + 	Getting operator (dca33db40b2f8f122636cd5297c0c511) backpressure from url http://flink-jobmanager:8081/jobs/f0c902ea2f0f5d3afc9dadf4e6eadd6a/vertices/dca33db40b2f8f122636cd5297c0c511/subtasks/metrics?get=backPressuredTimeMsPerSecond [0m
[0;96m[2024-02-06T19:45:53] [DEBUG] + 	Getting operator (dca33db40b2f8f122636cd5297c0c511) busyness from url http://flink-jobmanager:8081/jobs/f0c902ea2f0f5d3afc9dadf4e6eadd6a/vertices/dca33db40b2f8f122636cd5297c0c511/subtasks/metrics?get=busyTimeMsPerSecond [0m
[0m[2024-02-06T19:45:53] Checking if bottleneck changed...
[0;93m[2024-02-06T19:45:53] [WARNING]Bottleneck is still e295af84ff117ecba66421e4f1dcca43[0m
[0;96m[2024-02-06T19:45:53] [DEBUG] + 	Getting operator out throughput from url http://flink-jobmanager:8081/jobs/f0c902ea2f0f5d3afc9dadf4e6eadd6a/vertices/fdaaed869c7e767a4ba54f74c039d468/subtasks/metrics?get=numRecordsOutPerSecond [0m
[0;96m[2024-02-06T19:45:53] [DEBUG] + 	Getting operator in throughput from url http://flink-jobmanager:8081/jobs/f0c902ea2f0f5d3afc9dadf4e6eadd6a/vertices/fdaaed869c7e767a4ba54f74c039d468/subtasks/metrics?get=numRecordsInPerSecond [0m
[0;96m[2024-02-06T19:45:53] [DEBUG] + 	Getting operator (fdaaed869c7e767a4ba54f74c039d468) backpressure from url http://flink-jobmanager:8081/jobs/f0c902ea2f0f5d3afc9dadf4e6eadd6a/vertices/fdaaed869c7e767a4ba54f74c039d468/subtasks/metrics?get=backPressuredTimeMsPerSecond [0m
[0;96m[2024-02-06T19:45:53] [DEBUG] + 	Getting operator (fdaaed869c7e767a4ba54f74c039d468) busyness from url http://flink-jobmanager:8081/jobs/f0c902ea2f0f5d3afc9dadf4e6eadd6a/vertices/fdaaed869c7e767a4ba54f74c039d468/subtasks/metrics?get=busyTimeMsPerSecond [0m
[0;96m[2024-02-06T19:45:53] [DEBUG] + 	Getting operator out throughput from url http://flink-jobmanager:8081/jobs/f0c902ea2f0f5d3afc9dadf4e6eadd6a/vertices/e295af84ff117ecba66421e4f1dcca43/subtasks/metrics?get=numRecordsOutPerSecond [0m
[0;96m[2024-02-06T19:45:53] [DEBUG] + 	Getting operator in throughput from url http://flink-jobmanager:8081/jobs/f0c902ea2f0f5d3afc9dadf4e6eadd6a/vertices/e295af84ff117ecba66421e4f1dcca43/subtasks/metrics?get=numRecordsInPerSecond [0m
[0;96m[2024-02-06T19:45:53] [DEBUG] + 	Getting operator (e295af84ff117ecba66421e4f1dcca43) backpressure from url http://flink-jobmanager:8081/jobs/f0c902ea2f0f5d3afc9dadf4e6eadd6a/vertices/e295af84ff117ecba66421e4f1dcca43/subtasks/metrics?get=backPressuredTimeMsPerSecond [0m
[0;96m[2024-02-06T19:45:53] [DEBUG] + 	Getting operator (e295af84ff117ecba66421e4f1dcca43) busyness from url http://flink-jobmanager:8081/jobs/f0c902ea2f0f5d3afc9dadf4e6eadd6a/vertices/e295af84ff117ecba66421e4f1dcca43/subtasks/metrics?get=busyTimeMsPerSecond [0m
[0;96m[2024-02-06T19:45:53] [DEBUG] + 	Getting operator out throughput from url http://flink-jobmanager:8081/jobs/f0c902ea2f0f5d3afc9dadf4e6eadd6a/vertices/dca33db40b2f8f122636cd5297c0c511/subtasks/metrics?get=numRecordsOutPerSecond [0m
[0;96m[2024-02-06T19:45:53] [DEBUG] + 	Getting operator in throughput from url http://flink-jobmanager:8081/jobs/f0c902ea2f0f5d3afc9dadf4e6eadd6a/vertices/dca33db40b2f8f122636cd5297c0c511/subtasks/metrics?get=numRecordsInPerSecond [0m
[0;96m[2024-02-06T19:45:53] [DEBUG] + 	Getting operator (dca33db40b2f8f122636cd5297c0c511) backpressure from url http://flink-jobmanager:8081/jobs/f0c902ea2f0f5d3afc9dadf4e6eadd6a/vertices/dca33db40b2f8f122636cd5297c0c511/subtasks/metrics?get=backPressuredTimeMsPerSecond [0m
[0;96m[2024-02-06T19:45:53] [DEBUG] + 	Getting operator (dca33db40b2f8f122636cd5297c0c511) busyness from url http://flink-jobmanager:8081/jobs/f0c902ea2f0f5d3afc9dadf4e6eadd6a/vertices/dca33db40b2f8f122636cd5297c0c511/subtasks/metrics?get=busyTimeMsPerSecond [0m
[0m[2024-02-06T19:45:53] [MONITOR]:: Runtime performance metrics:
[0m[2024-02-06T19:45:53] 	 Job Run Time: 266219 ms
[0m[2024-02-06T19:45:53] Backpressure is still high and the system needs a reconfiguration...
[0m[2024-02-06T19:45:53] [RES_MNGR] Average network latencies
[0m[2024-02-06T19:45:53] 
               parasilo-2     parasilo-20    parasilo-21    parasilo-22    parasilo-23    parasilo-24    parasilo-25    parasilo-26    parasilo-27    parasilo-28    parasilo-3     parasilo-4     parasilo-5     parasilo-6     parasilo-7     parasilo-9     
parasilo-2     0.021          0.793          0.544          0.574          0.74           0.576          0.62           0.719          0.776          0.704          0.83           0.588          0.628          0.762          0.46           0.727          
parasilo-20    0.793          0.021          0.764          0.709          0.769          0.764          0.635          0.711          0.899          0.686          0.751          0.659          0.682          0.685          0.632          0.819          
parasilo-21    0.544          0.764          0.028          0.76           0.694          0.618          0.61           0.719          0.76           0.619          0.508          0.714          0.588          0.687          0.641          0.731          
parasilo-22    0.574          0.709          0.76           0.02           0.663          0.701          0.515          0.573          0.708          0.492          0.512          0.429          0.542          0.569          0.78           0.66           
parasilo-23    0.74           0.769          0.694          0.663          0.35           0.727          0.747          0.777          0.552          0.675          0.717          0.668          0.75           0.476          0.735          0.497          
parasilo-24    0.576          0.764          0.618          0.701          0.727          0.026          0.557          0.692          0.776          0.515          0.804          0.584          0.504          0.608          0.684          0.759          
parasilo-25    0.62           0.635          0.61           0.515          0.747          0.557          0.021          0.556          0.79           0.602          0.564          0.553          0.567          0.516          0.633          0.682          
parasilo-26    0.719          0.711          0.719          0.573          0.777          0.692          0.556          0.02           0.732          0.594          0.681          0.671          0.594          0.688          0.608          0.744          
parasilo-27    0.776          0.899          0.76           0.708          0.552          0.776          0.79           0.732          0.462          0.713          0.789          0.781          0.821          0.554          0.83           0.539          
parasilo-28    0.704          0.686          0.619          0.492          0.675          0.515          0.602          0.594          0.713          0.021          0.635          0.598          0.666          0.555          0.79           0.727          
parasilo-3     0.83           0.751          0.508          0.512          0.717          0.804          0.564          0.681          0.789          0.635          0.024          0.621          0.712          0.666          0.738          0.76           
parasilo-4     0.588          0.659          0.714          0.429          0.668          0.584          0.553          0.671          0.781          0.598          0.621          0.02           0.629          0.64           0.293          0.725          
parasilo-5     0.628          0.682          0.588          0.542          0.75           0.504          0.567          0.594          0.821          0.666          0.712          0.629          0.022          0.642          0.703          0.734          
parasilo-6     0.762          0.685          0.687          0.569          0.476          0.608          0.516          0.688          0.554          0.555          0.666          0.64           0.642          0.188          0.75           0.46           
parasilo-7     0.46           0.632          0.641          0.78           0.735          0.684          0.633          0.608          0.83           0.79           0.738          0.293          0.703          0.75           0.058          0.779          
parasilo-9     0.727          0.819          0.731          0.66           0.497          0.759          0.682          0.744          0.539          0.727          0.76           0.725          0.734          0.46           0.779          0.382          

[0m[2024-02-06T19:45:53] [RES_MNGR] Shortest path nodes: ['parasilo-25', 'parasilo-22', 'parasilo-6', 'parasilo-4', 'parasilo-26', 'parasilo-24', 'parasilo-3', 'parasilo-5', 'parasilo-28', 'parasilo-21', 'parasilo-2', 'parasilo-7', 'parasilo-20', 'parasilo-9', 'parasilo-23', 'parasilo-27']
[0m[2024-02-06T19:45:53] [RES_MNGR] Observed delays: [0, 0.5147, 0.5155000000000001, 0.5527000000000001, 0.5561, 0.5573999999999998, 0.5643, 0.5673, 0.6015000000000001, 0.6098999999999999, 0.6205, 0.6326, 0.6349, 0.6824000000000001, 0.7473000000000001, 0.7900000000000001, 0.5694000000000001]
[0m[2024-02-06T19:45:53] [RES_MNGR] NDmax: 0.8987999999999999
/transscale/utils/prediction/models/ParallelismModel.py:39: OptimizeWarning: Covariance of the parameters could not be estimated
  popt, _ = curve_fit(lambda x, alpha, gamma: alpha * x[0] - gamma * x[1],
[0m[2024-02-06T19:45:53] [COMBO_CTRL] Reconf: Scale Up Map from par 1
[0;96m[2024-02-06T19:45:53] [DEBUG] + [PRED_MATRIX] Current prediction matrix is:
 [[     0.      0.      0.]
 [     0.  21234.  42468.]
 [     0.  42468.  84936.]
 [     0.  63702. 127404.]
 [     0.  84936. 169872.]
 [     0. 106170. 212340.]
 [     0. 127404. 254808.]
 [     0. 148638. 297276.]
 [     0. 169872. 339744.]
 [     0. 191106. 382212.]
 [     0. 212340. 424680.]
 [     0. 233574. 467148.]
 [     0. 254808. 509616.]
 [     0. 276042. 552084.]
 [     0. 297276. 594552.]
 [     0. 318510. 637020.]
 [     0. 339744. 679488.]] [0m
[0;96m[2024-02-06T19:45:53] [DEBUG] + [PRED_MATRIX] 	par, transp: 1, 1 target tput: 21234 new_tput %: 21234.0 tput diff %: 0  [0m
[0;96m[2024-02-06T19:45:53] [DEBUG] + [PRED_MATRIX] 	par, transp: 1, 2 target tput: 21234 new_tput %: 42468.0 tput diff %: 50.0 ADDED [0m
[0;96m[2024-02-06T19:45:53] [DEBUG] + [PRED_MATRIX] 	par, transp: 2, 1 target tput: 21234 new_tput %: 42468.0 tput diff %: 50.0 ADDED [0m
[0;96m[2024-02-06T19:45:53] [DEBUG] + [PRED_MATRIX] Scaling Possibilities: [(1, 2), (2, 1)] [0m

[0;96m[2024-02-06T19:45:53] [DEBUG] + 	Getting overview info from url http://flink-jobmanager:8081/overview [0m
[0m[2024-02-06T19:45:53] 
*******************************************************
[0m[2024-02-06T19:45:53] [RES_MNGR] Re-configuring PARALLELISM
[0m[2024-02-06T19:45:53] 	Current Parallelism: 1
[0m[2024-02-06T19:45:53] 	Target Parallelism: 2
[0m[2024-02-06T19:45:53] [RES_MNGR] Stopping Flink for re-configuration...
[0m[2024-02-06T19:45:57] Running command ['/bin/sh', '-c', 'flink stop f0c902ea2f0f5d3afc9dadf4e6eadd6a'] on pod flink-jobmanager-77455795-d9k67
[0m[2024-02-06T19:46:20] [RES_MNGR] Re-scaling number of task managers...
[0;96m[2024-02-06T19:46:20] [DEBUG] + 	Getting overview info from url http://flink-jobmanager:8081/overview [0m
[0m[2024-02-06T19:46:20] [RES_MNGR] Average network latencies
[0m[2024-02-06T19:46:20] 
               parasilo-2     parasilo-20    parasilo-21    parasilo-22    parasilo-23    parasilo-24    parasilo-25    parasilo-26    parasilo-27    parasilo-28    parasilo-3     parasilo-4     parasilo-5     parasilo-6     parasilo-7     parasilo-9     
parasilo-2     0.047          0.805          0.5            0.633          0.875          0.588          0.662          0.752          0.945          0.74           0.867          0.626          0.663          1.032          0.5            0.836          
parasilo-20    0.805          0.02           0.723          0.715          0.845          0.723          0.624          0.684          0.991          0.675          0.708          0.621          0.662          0.87           0.594          0.839          
parasilo-21    0.5            0.723          0.024          0.856          0.754          0.57           0.601          0.7            0.856          0.616          0.179          0.725          0.564          0.891          0.608          0.786          
parasilo-22    0.633          0.715          0.856          0.022          0.842          0.75           0.583          0.636          0.902          0.571          0.546          0.452          0.598          0.886          0.829          0.786          
parasilo-23    0.875          0.845          0.754          0.842          0.531          0.784          0.841          0.875          0.768          0.779          0.783          0.732          0.842          0.783          0.798          0.664          
parasilo-24    0.588          0.723          0.57           0.75           0.784          0.037          0.547          0.672          0.817          0.525          0.781          0.579          0.507          0.807          0.652          0.784          
parasilo-25    0.662          0.624          0.601          0.583          0.841          0.547          0.02           0.579          0.851          0.641          0.558          0.555          0.578          0.77           0.623          0.717          
parasilo-26    0.752          0.684          0.7            0.636          0.875          0.672          0.579          0.02           0.848          0.618          0.656          0.682          0.604          0.916          0.596          0.777          
parasilo-27    0.945          0.991          0.856          0.902          0.768          0.817          0.851          0.848          0.676          0.806          0.883          0.877          0.927          0.848          0.933          0.692          
parasilo-28    0.74           0.675          0.616          0.571          0.779          0.525          0.641          0.618          0.806          0.02           0.612          0.615          0.697          0.801          0.789          0.786          
parasilo-3     0.867          0.708          0.179          0.546          0.783          0.781          0.558          0.656          0.883          0.612          0.02           0.586          0.721          0.871          0.723          0.802          
parasilo-4     0.626          0.621          0.725          0.452          0.732          0.579          0.555          0.682          0.877          0.615          0.586          0.021          0.625          0.854          0.444          0.757          
parasilo-5     0.663          0.662          0.564          0.598          0.842          0.507          0.578          0.604          0.927          0.697          0.721          0.625          0.022          0.859          0.706          0.82           
parasilo-6     1.032          0.87           0.891          0.886          0.783          0.807          0.77           0.916          0.848          0.801          0.871          0.854          0.859          0.641          0.955          0.733          
parasilo-7     0.5            0.594          0.608          0.829          0.798          0.652          0.623          0.596          0.933          0.789          0.723          0.444          0.706          0.955          0.062          0.812          
parasilo-9     0.836          0.839          0.786          0.786          0.664          0.784          0.717          0.777          0.692          0.786          0.802          0.757          0.82           0.733          0.812          0.487          

[0m[2024-02-06T19:46:20] [RES_MNGR] Shortest path nodes: ['parasilo-25', 'parasilo-24']
[0m[2024-02-06T19:46:20] [RES_MNGR] Observed delays: [0, 0.5471999999999999]
[0m[2024-02-06T19:46:20] [RES_MNGR] NDmax: 0.8513
[0;96m[2024-02-06T19:46:20] [DEBUG] + 	 Running taskmanager reset: target_par 0  [0m
[0m[2024-02-06T19:46:21] Deployment flink-taskmanager scaled to 0 replica.
[0;96m[2024-02-06T19:46:24] [DEBUG] + 	 Running taskmanager rescale: target_par 2  [0m
[0m[2024-02-06T19:46:24] Deployment flink-taskmanager scaled to 2 replica.
[0;96m[2024-02-06T19:46:29] [DEBUG] + 	Getting overview info from url http://flink-jobmanager:8081/overview [0m
[0;96m[2024-02-06T19:46:29] [DEBUG] + 	Current Taskmanagers: 0 [0m
[0;96m[2024-02-06T19:46:29] [DEBUG] + 	Target Parallelism: 2 [0m
[0;96m[2024-02-06T19:46:34] [DEBUG] + 	Getting overview info from url http://flink-jobmanager:8081/overview [0m
[0;96m[2024-02-06T19:46:34] [DEBUG] + 	Current Taskmanagers: 2 [0m
[0;96m[2024-02-06T19:46:34] [DEBUG] + 	Target Parallelism: 2 [0m
[0m[2024-02-06T19:46:34] [RES_MNGR] Resuming Flink with new configuration...
[0m[2024-02-06T19:46:34] Running job /tmp/jobs/mymap-transscale-all.jar
[0m[2024-02-06T19:46:37] Running command ['/bin/sh', '-c', "flink run -s s3://flink-bucket/savepoints/savepoint-f0c902-b69cbb8e03d3 -d -j /tmp/jobs/mymap-transscale-all.jar --parmap 'Sink__Sink:1;Map:2;Source__Source:1'"] on pod flink-jobmanager-77455795-d9k67
[0;96m[2024-02-06T19:47:00] [DEBUG] + Job is running, waiting to check for errors [0m
[0m[2024-02-06T19:47:15] 
*******************************************************
[0m[2024-02-06T19:47:15] Warming up for 140 seconds
[0m[2024-02-06T19:49:35] [MONITOR]: Retrieving job details from flink-jobmanager:8081 ...
[0m[2024-02-06T19:49:35] [MONITOR]:: Details about the job:
[0m[2024-02-06T19:49:35] 	 Job ID: 09daeef351c1e5006ece1b9bd5d701a6
[0m[2024-02-06T19:49:35] 	 Operators: 3
[0m[2024-02-06T19:49:35] TRANSSCALE:: Monitoring the throughput and back pressure every 60 seconds...
[0m[2024-02-06T19:50:35] 
TRANSSCALE:: Periodic Monitoring...
[0;96m[2024-02-06T19:50:35] [DEBUG] + 	Getting operator out throughput from url http://flink-jobmanager:8081/jobs/09daeef351c1e5006ece1b9bd5d701a6/vertices/fdaaed869c7e767a4ba54f74c039d468/subtasks/metrics?get=numRecordsOutPerSecond [0m
[0;96m[2024-02-06T19:50:35] [DEBUG] + 	Getting operator in throughput from url http://flink-jobmanager:8081/jobs/09daeef351c1e5006ece1b9bd5d701a6/vertices/fdaaed869c7e767a4ba54f74c039d468/subtasks/metrics?get=numRecordsInPerSecond [0m
[0;96m[2024-02-06T19:50:35] [DEBUG] + 	Getting operator (fdaaed869c7e767a4ba54f74c039d468) backpressure from url http://flink-jobmanager:8081/jobs/09daeef351c1e5006ece1b9bd5d701a6/vertices/fdaaed869c7e767a4ba54f74c039d468/subtasks/metrics?get=backPressuredTimeMsPerSecond [0m
[0;96m[2024-02-06T19:50:35] [DEBUG] + 	Getting operator (fdaaed869c7e767a4ba54f74c039d468) busyness from url http://flink-jobmanager:8081/jobs/09daeef351c1e5006ece1b9bd5d701a6/vertices/fdaaed869c7e767a4ba54f74c039d468/subtasks/metrics?get=busyTimeMsPerSecond [0m
[0;96m[2024-02-06T19:50:35] [DEBUG] + 	Getting operator out throughput from url http://flink-jobmanager:8081/jobs/09daeef351c1e5006ece1b9bd5d701a6/vertices/e295af84ff117ecba66421e4f1dcca43/subtasks/metrics?get=numRecordsOutPerSecond [0m
[0;96m[2024-02-06T19:50:35] [DEBUG] + 	Getting operator in throughput from url http://flink-jobmanager:8081/jobs/09daeef351c1e5006ece1b9bd5d701a6/vertices/e295af84ff117ecba66421e4f1dcca43/subtasks/metrics?get=numRecordsInPerSecond [0m
[0;96m[2024-02-06T19:50:35] [DEBUG] + 	Getting operator (e295af84ff117ecba66421e4f1dcca43) backpressure from url http://flink-jobmanager:8081/jobs/09daeef351c1e5006ece1b9bd5d701a6/vertices/e295af84ff117ecba66421e4f1dcca43/subtasks/metrics?get=backPressuredTimeMsPerSecond [0m
[0;96m[2024-02-06T19:50:35] [DEBUG] + 	Getting operator (e295af84ff117ecba66421e4f1dcca43) busyness from url http://flink-jobmanager:8081/jobs/09daeef351c1e5006ece1b9bd5d701a6/vertices/e295af84ff117ecba66421e4f1dcca43/subtasks/metrics?get=busyTimeMsPerSecond [0m
[0;96m[2024-02-06T19:50:35] [DEBUG] + 	Getting operator out throughput from url http://flink-jobmanager:8081/jobs/09daeef351c1e5006ece1b9bd5d701a6/vertices/dca33db40b2f8f122636cd5297c0c511/subtasks/metrics?get=numRecordsOutPerSecond [0m
[0;96m[2024-02-06T19:50:35] [DEBUG] + 	Getting operator in throughput from url http://flink-jobmanager:8081/jobs/09daeef351c1e5006ece1b9bd5d701a6/vertices/dca33db40b2f8f122636cd5297c0c511/subtasks/metrics?get=numRecordsInPerSecond [0m
[0;96m[2024-02-06T19:50:35] [DEBUG] + 	Getting operator (dca33db40b2f8f122636cd5297c0c511) backpressure from url http://flink-jobmanager:8081/jobs/09daeef351c1e5006ece1b9bd5d701a6/vertices/dca33db40b2f8f122636cd5297c0c511/subtasks/metrics?get=backPressuredTimeMsPerSecond [0m
[0;96m[2024-02-06T19:50:35] [DEBUG] + 	Getting operator (dca33db40b2f8f122636cd5297c0c511) busyness from url http://flink-jobmanager:8081/jobs/09daeef351c1e5006ece1b9bd5d701a6/vertices/dca33db40b2f8f122636cd5297c0c511/subtasks/metrics?get=busyTimeMsPerSecond [0m
[0m[2024-02-06T19:50:35] [MONITOR]:: Runtime performance metrics:
[0m[2024-02-06T19:50:35] 	 Job Run Time: 230350 ms

[0;93m[2024-02-06T19:50:35] [WARNING]Back Pressure Level of some operator is HIGH[0m
[0;93m[2024-02-06T19:50:35] [WARNING]Bottleneck detected: e295af84ff117ecba66421e4f1dcca43[0m
[0m[2024-02-06T19:50:35] Waiting to check again the backpressure after 60 seconds...
[0;96m[2024-02-06T19:51:35] [DEBUG] + 	Getting operator out throughput from url http://flink-jobmanager:8081/jobs/09daeef351c1e5006ece1b9bd5d701a6/vertices/fdaaed869c7e767a4ba54f74c039d468/subtasks/metrics?get=numRecordsOutPerSecond [0m
[0;96m[2024-02-06T19:51:35] [DEBUG] + 	Getting operator in throughput from url http://flink-jobmanager:8081/jobs/09daeef351c1e5006ece1b9bd5d701a6/vertices/fdaaed869c7e767a4ba54f74c039d468/subtasks/metrics?get=numRecordsInPerSecond [0m
[0;96m[2024-02-06T19:51:35] [DEBUG] + 	Getting operator (fdaaed869c7e767a4ba54f74c039d468) backpressure from url http://flink-jobmanager:8081/jobs/09daeef351c1e5006ece1b9bd5d701a6/vertices/fdaaed869c7e767a4ba54f74c039d468/subtasks/metrics?get=backPressuredTimeMsPerSecond [0m
[0;96m[2024-02-06T19:51:35] [DEBUG] + 	Getting operator (fdaaed869c7e767a4ba54f74c039d468) busyness from url http://flink-jobmanager:8081/jobs/09daeef351c1e5006ece1b9bd5d701a6/vertices/fdaaed869c7e767a4ba54f74c039d468/subtasks/metrics?get=busyTimeMsPerSecond [0m
[0;96m[2024-02-06T19:51:35] [DEBUG] + 	Getting operator out throughput from url http://flink-jobmanager:8081/jobs/09daeef351c1e5006ece1b9bd5d701a6/vertices/e295af84ff117ecba66421e4f1dcca43/subtasks/metrics?get=numRecordsOutPerSecond [0m
[0;96m[2024-02-06T19:51:35] [DEBUG] + 	Getting operator in throughput from url http://flink-jobmanager:8081/jobs/09daeef351c1e5006ece1b9bd5d701a6/vertices/e295af84ff117ecba66421e4f1dcca43/subtasks/metrics?get=numRecordsInPerSecond [0m
[0;96m[2024-02-06T19:51:35] [DEBUG] + 	Getting operator (e295af84ff117ecba66421e4f1dcca43) backpressure from url http://flink-jobmanager:8081/jobs/09daeef351c1e5006ece1b9bd5d701a6/vertices/e295af84ff117ecba66421e4f1dcca43/subtasks/metrics?get=backPressuredTimeMsPerSecond [0m
[0;96m[2024-02-06T19:51:35] [DEBUG] + 	Getting operator (e295af84ff117ecba66421e4f1dcca43) busyness from url http://flink-jobmanager:8081/jobs/09daeef351c1e5006ece1b9bd5d701a6/vertices/e295af84ff117ecba66421e4f1dcca43/subtasks/metrics?get=busyTimeMsPerSecond [0m
[0;96m[2024-02-06T19:51:35] [DEBUG] + 	Getting operator out throughput from url http://flink-jobmanager:8081/jobs/09daeef351c1e5006ece1b9bd5d701a6/vertices/dca33db40b2f8f122636cd5297c0c511/subtasks/metrics?get=numRecordsOutPerSecond [0m
[0;96m[2024-02-06T19:51:35] [DEBUG] + 	Getting operator in throughput from url http://flink-jobmanager:8081/jobs/09daeef351c1e5006ece1b9bd5d701a6/vertices/dca33db40b2f8f122636cd5297c0c511/subtasks/metrics?get=numRecordsInPerSecond [0m
[0;96m[2024-02-06T19:51:35] [DEBUG] + 	Getting operator (dca33db40b2f8f122636cd5297c0c511) backpressure from url http://flink-jobmanager:8081/jobs/09daeef351c1e5006ece1b9bd5d701a6/vertices/dca33db40b2f8f122636cd5297c0c511/subtasks/metrics?get=backPressuredTimeMsPerSecond [0m
[0;96m[2024-02-06T19:51:35] [DEBUG] + 	Getting operator (dca33db40b2f8f122636cd5297c0c511) busyness from url http://flink-jobmanager:8081/jobs/09daeef351c1e5006ece1b9bd5d701a6/vertices/dca33db40b2f8f122636cd5297c0c511/subtasks/metrics?get=busyTimeMsPerSecond [0m
[0m[2024-02-06T19:51:35] Checking if bottleneck changed...
[0;93m[2024-02-06T19:51:35] [WARNING]Bottleneck is still e295af84ff117ecba66421e4f1dcca43[0m
[0;96m[2024-02-06T19:51:35] [DEBUG] + 	Getting operator out throughput from url http://flink-jobmanager:8081/jobs/09daeef351c1e5006ece1b9bd5d701a6/vertices/fdaaed869c7e767a4ba54f74c039d468/subtasks/metrics?get=numRecordsOutPerSecond [0m
[0;96m[2024-02-06T19:51:35] [DEBUG] + 	Getting operator in throughput from url http://flink-jobmanager:8081/jobs/09daeef351c1e5006ece1b9bd5d701a6/vertices/fdaaed869c7e767a4ba54f74c039d468/subtasks/metrics?get=numRecordsInPerSecond [0m
[0;96m[2024-02-06T19:51:35] [DEBUG] + 	Getting operator (fdaaed869c7e767a4ba54f74c039d468) backpressure from url http://flink-jobmanager:8081/jobs/09daeef351c1e5006ece1b9bd5d701a6/vertices/fdaaed869c7e767a4ba54f74c039d468/subtasks/metrics?get=backPressuredTimeMsPerSecond [0m
[0;96m[2024-02-06T19:51:35] [DEBUG] + 	Getting operator (fdaaed869c7e767a4ba54f74c039d468) busyness from url http://flink-jobmanager:8081/jobs/09daeef351c1e5006ece1b9bd5d701a6/vertices/fdaaed869c7e767a4ba54f74c039d468/subtasks/metrics?get=busyTimeMsPerSecond [0m
[0;96m[2024-02-06T19:51:35] [DEBUG] + 	Getting operator out throughput from url http://flink-jobmanager:8081/jobs/09daeef351c1e5006ece1b9bd5d701a6/vertices/e295af84ff117ecba66421e4f1dcca43/subtasks/metrics?get=numRecordsOutPerSecond [0m
[0;96m[2024-02-06T19:51:35] [DEBUG] + 	Getting operator in throughput from url http://flink-jobmanager:8081/jobs/09daeef351c1e5006ece1b9bd5d701a6/vertices/e295af84ff117ecba66421e4f1dcca43/subtasks/metrics?get=numRecordsInPerSecond [0m
[0;96m[2024-02-06T19:51:35] [DEBUG] + 	Getting operator (e295af84ff117ecba66421e4f1dcca43) backpressure from url http://flink-jobmanager:8081/jobs/09daeef351c1e5006ece1b9bd5d701a6/vertices/e295af84ff117ecba66421e4f1dcca43/subtasks/metrics?get=backPressuredTimeMsPerSecond [0m
[0;96m[2024-02-06T19:51:35] [DEBUG] + 	Getting operator (e295af84ff117ecba66421e4f1dcca43) busyness from url http://flink-jobmanager:8081/jobs/09daeef351c1e5006ece1b9bd5d701a6/vertices/e295af84ff117ecba66421e4f1dcca43/subtasks/metrics?get=busyTimeMsPerSecond [0m
[0;96m[2024-02-06T19:51:35] [DEBUG] + 	Getting operator out throughput from url http://flink-jobmanager:8081/jobs/09daeef351c1e5006ece1b9bd5d701a6/vertices/dca33db40b2f8f122636cd5297c0c511/subtasks/metrics?get=numRecordsOutPerSecond [0m
[0;96m[2024-02-06T19:51:35] [DEBUG] + 	Getting operator in throughput from url http://flink-jobmanager:8081/jobs/09daeef351c1e5006ece1b9bd5d701a6/vertices/dca33db40b2f8f122636cd5297c0c511/subtasks/metrics?get=numRecordsInPerSecond [0m
[0;96m[2024-02-06T19:51:35] [DEBUG] + 	Getting operator (dca33db40b2f8f122636cd5297c0c511) backpressure from url http://flink-jobmanager:8081/jobs/09daeef351c1e5006ece1b9bd5d701a6/vertices/dca33db40b2f8f122636cd5297c0c511/subtasks/metrics?get=backPressuredTimeMsPerSecond [0m
[0;96m[2024-02-06T19:51:36] [DEBUG] + 	Getting operator (dca33db40b2f8f122636cd5297c0c511) busyness from url http://flink-jobmanager:8081/jobs/09daeef351c1e5006ece1b9bd5d701a6/vertices/dca33db40b2f8f122636cd5297c0c511/subtasks/metrics?get=busyTimeMsPerSecond [0m
[0m[2024-02-06T19:51:36] [MONITOR]:: Runtime performance metrics:
[0m[2024-02-06T19:51:36] 	 Job Run Time: 290525 ms
[0m[2024-02-06T19:51:36] Backpressure is still high and the system needs a reconfiguration...
[0m[2024-02-06T19:51:36] [RES_MNGR] Average network latencies
[0m[2024-02-06T19:51:36] 
               parasilo-2     parasilo-20    parasilo-21    parasilo-22    parasilo-23    parasilo-24    parasilo-25    parasilo-26    parasilo-27    parasilo-28    parasilo-3     parasilo-4     parasilo-5     parasilo-6     parasilo-7     parasilo-9     
parasilo-2     0.032          0.894          0.537          0.493          0.739          0.589          0.655          0.726          0.91           0.675          0.945          0.621          0.747          0.731          0.505          0.781          
parasilo-20    0.894          0.025          0.791          0.669          0.721          0.649          0.688          0.729          0.799          0.673          0.703          0.636          0.67           0.78           0.527          0.742          
parasilo-21    0.537          0.791          0.022          0.861          0.678          0.557          0.632          0.687          0.737          0.587          0.449          0.747          0.551          0.701          0.413          0.66           
parasilo-22    0.493          0.669          0.861          0.038          0.674          0.7            0.696          0.619          0.884          0.61           0.528          0.502          0.612          0.638          0.914          0.774          
parasilo-23    0.739          0.721          0.678          0.674          0.295          0.544          0.688          0.702          0.557          0.601          0.733          0.684          0.709          0.41           0.703          0.596          
parasilo-24    0.589          0.649          0.557          0.7            0.544          0.027          0.467          0.49           0.654          0.474          0.785          0.588          0.522          0.568          0.556          0.776          
parasilo-25    0.655          0.688          0.632          0.696          0.688          0.467          0.025          0.547          0.751          0.643          0.615          0.503          0.615          0.607          0.583          0.636          
parasilo-26    0.726          0.729          0.687          0.619          0.702          0.49           0.547          0.034          0.856          0.635          0.606          0.724          0.605          0.645          0.429          0.673          
parasilo-27    0.91           0.799          0.737          0.884          0.557          0.654          0.751          0.856          0.514          0.74           0.86           0.859          0.776          0.607          0.819          0.696          
parasilo-28    0.675          0.673          0.587          0.61           0.601          0.474          0.643          0.635          0.74           0.042          0.647          0.673          0.729          0.639          0.742          0.865          
parasilo-3     0.945          0.703          0.449          0.528          0.733          0.785          0.615          0.606          0.86           0.647          0.03           0.566          0.747          0.707          0.769          0.732          
parasilo-4     0.621          0.636          0.747          0.502          0.684          0.588          0.503          0.724          0.859          0.673          0.566          0.025          0.645          0.675          0.471          0.782          
parasilo-5     0.747          0.67           0.551          0.612          0.709          0.522          0.615          0.605          0.776          0.729          0.747          0.645          0.042          0.704          0.759          0.754          
parasilo-6     0.731          0.78           0.701          0.638          0.41           0.568          0.607          0.645          0.607          0.639          0.707          0.675          0.704          0.282          0.726          0.568          
parasilo-7     0.505          0.527          0.413          0.914          0.703          0.556          0.583          0.429          0.819          0.742          0.769          0.471          0.759          0.726          0.026          0.644          
parasilo-9     0.781          0.742          0.66           0.774          0.596          0.776          0.636          0.673          0.696          0.865          0.732          0.782          0.754          0.568          0.644          0.332          

[0m[2024-02-06T19:51:36] [RES_MNGR] Shortest path nodes: ['parasilo-25', 'parasilo-24', 'parasilo-4', 'parasilo-26', 'parasilo-7', 'parasilo-6', 'parasilo-5', 'parasilo-3', 'parasilo-21', 'parasilo-9', 'parasilo-28', 'parasilo-2', 'parasilo-20', 'parasilo-23', 'parasilo-22', 'parasilo-27']
[0m[2024-02-06T19:51:36] [RES_MNGR] Observed delays: [0, 0.4670000000000001, 0.5025000000000001, 0.5471, 0.5826, 0.6073999999999999, 0.6149, 0.615, 0.6316, 0.6364000000000001, 0.6430000000000001, 0.6546999999999998, 0.6876, 0.6878, 0.6961999999999999, 0.7511, 0.5876]
[0m[2024-02-06T19:51:36] [RES_MNGR] NDmax: 0.9452999999999999
