[0m[2024-02-17T13:06:04] TRANSSCALE:: Starting auto-scaler...

[0m[2024-02-17T13:06:04] [LOGGER] New debug level: 1
[0m[2024-02-17T13:06:04] Starting RTT matrix update thread
[0;96m[2024-02-17T13:06:04] [DEBUG] + [RECONF_MNGR] Selected strategy is transscale.strategies.ParallelismOnly [0m
[0;96m[2024-02-17T13:06:04] [DEBUG] + [RECONF_MNGR] Strategy imported [0m
[0;96m[2024-02-17T13:06:04] [DEBUG] +  [0m[0m[2024-02-17T13:06:04] [RECONF_STRAT] Using PARALLELISM ONLY strategy
[0m[2024-02-17T13:06:04] [MONITOR]: Retrieving job details from flink-jobmanager:8081 ...
[0m[2024-02-17T13:06:05] [MONITOR]:: Details about the job:
[0m[2024-02-17T13:06:05] 	 Job ID: 345323ff5aa31ccbd707301e40cbe16d
[0m[2024-02-17T13:06:05] 	 Operators: 6
[0m[2024-02-17T13:06:05] 
*******************************************************
[0m[2024-02-17T13:06:05] Warming up for 240 seconds
[0m[2024-02-17T13:10:05] [MONITOR]: Retrieving job details from flink-jobmanager:8081 ...
[0m[2024-02-17T13:10:05] [MONITOR]:: Details about the job:
[0m[2024-02-17T13:10:05] 	 Job ID: 345323ff5aa31ccbd707301e40cbe16d
[0m[2024-02-17T13:10:05] 	 Operators: 6
[0m[2024-02-17T13:10:05] TRANSSCALE:: Monitoring the throughput and back pressure every 60 seconds...
[0m[2024-02-17T13:11:05] 
TRANSSCALE:: Periodic Monitoring...
[0;96m[2024-02-17T13:11:05] [DEBUG] + 	Getting operator out throughput from url http://flink-jobmanager:8081/jobs/345323ff5aa31ccbd707301e40cbe16d/vertices/41a95396e613c9f62f1da16142d5ddd2/subtasks/metrics?get=numRecordsOutPerSecond [0m
[0;96m[2024-02-17T13:11:05] [DEBUG] + 	Getting operator in throughput from url http://flink-jobmanager:8081/jobs/345323ff5aa31ccbd707301e40cbe16d/vertices/41a95396e613c9f62f1da16142d5ddd2/subtasks/metrics?get=numRecordsInPerSecond [0m
[0;96m[2024-02-17T13:11:05] [DEBUG] + 	Getting operator (41a95396e613c9f62f1da16142d5ddd2) backpressure from url http://flink-jobmanager:8081/jobs/345323ff5aa31ccbd707301e40cbe16d/vertices/41a95396e613c9f62f1da16142d5ddd2/subtasks/metrics?get=backPressuredTimeMsPerSecond [0m
[0;96m[2024-02-17T13:11:05] [DEBUG] + 	Getting operator (41a95396e613c9f62f1da16142d5ddd2) busyness from url http://flink-jobmanager:8081/jobs/345323ff5aa31ccbd707301e40cbe16d/vertices/41a95396e613c9f62f1da16142d5ddd2/subtasks/metrics?get=busyTimeMsPerSecond [0m
[0;96m[2024-02-17T13:11:05] [DEBUG] + 	Getting operator out throughput from url http://flink-jobmanager:8081/jobs/345323ff5aa31ccbd707301e40cbe16d/vertices/32f0ffe0b6f0b990239bb81cec28b9d8/subtasks/metrics?get=numRecordsOutPerSecond [0m
[0;96m[2024-02-17T13:11:05] [DEBUG] + 	Getting operator in throughput from url http://flink-jobmanager:8081/jobs/345323ff5aa31ccbd707301e40cbe16d/vertices/32f0ffe0b6f0b990239bb81cec28b9d8/subtasks/metrics?get=numRecordsInPerSecond [0m
[0;96m[2024-02-17T13:11:05] [DEBUG] + 	Getting operator (32f0ffe0b6f0b990239bb81cec28b9d8) backpressure from url http://flink-jobmanager:8081/jobs/345323ff5aa31ccbd707301e40cbe16d/vertices/32f0ffe0b6f0b990239bb81cec28b9d8/subtasks/metrics?get=backPressuredTimeMsPerSecond [0m
[0;96m[2024-02-17T13:11:05] [DEBUG] + 	Getting operator (32f0ffe0b6f0b990239bb81cec28b9d8) busyness from url http://flink-jobmanager:8081/jobs/345323ff5aa31ccbd707301e40cbe16d/vertices/32f0ffe0b6f0b990239bb81cec28b9d8/subtasks/metrics?get=busyTimeMsPerSecond [0m
[0;96m[2024-02-17T13:11:05] [DEBUG] + 	Getting operator out throughput from url http://flink-jobmanager:8081/jobs/345323ff5aa31ccbd707301e40cbe16d/vertices/31ec045e3401e87fc7879b43d8e8625d/subtasks/metrics?get=numRecordsOutPerSecond [0m
[0;96m[2024-02-17T13:11:05] [DEBUG] + 	Getting operator in throughput from url http://flink-jobmanager:8081/jobs/345323ff5aa31ccbd707301e40cbe16d/vertices/31ec045e3401e87fc7879b43d8e8625d/subtasks/metrics?get=numRecordsInPerSecond [0m
[0;96m[2024-02-17T13:11:05] [DEBUG] + 	Getting operator (31ec045e3401e87fc7879b43d8e8625d) backpressure from url http://flink-jobmanager:8081/jobs/345323ff5aa31ccbd707301e40cbe16d/vertices/31ec045e3401e87fc7879b43d8e8625d/subtasks/metrics?get=backPressuredTimeMsPerSecond [0m
[0;96m[2024-02-17T13:11:05] [DEBUG] + 	Getting operator (31ec045e3401e87fc7879b43d8e8625d) busyness from url http://flink-jobmanager:8081/jobs/345323ff5aa31ccbd707301e40cbe16d/vertices/31ec045e3401e87fc7879b43d8e8625d/subtasks/metrics?get=busyTimeMsPerSecond [0m
[0;96m[2024-02-17T13:11:05] [DEBUG] + 	Getting operator out throughput from url http://flink-jobmanager:8081/jobs/345323ff5aa31ccbd707301e40cbe16d/vertices/dca33db40b2f8f122636cd5297c0c511/subtasks/metrics?get=numRecordsOutPerSecond [0m
[0;96m[2024-02-17T13:11:05] [DEBUG] + 	Getting operator in throughput from url http://flink-jobmanager:8081/jobs/345323ff5aa31ccbd707301e40cbe16d/vertices/dca33db40b2f8f122636cd5297c0c511/subtasks/metrics?get=numRecordsInPerSecond [0m
[0;96m[2024-02-17T13:11:05] [DEBUG] + 	Getting operator (dca33db40b2f8f122636cd5297c0c511) backpressure from url http://flink-jobmanager:8081/jobs/345323ff5aa31ccbd707301e40cbe16d/vertices/dca33db40b2f8f122636cd5297c0c511/subtasks/metrics?get=backPressuredTimeMsPerSecond [0m
[0;96m[2024-02-17T13:11:05] [DEBUG] + 	Getting operator (dca33db40b2f8f122636cd5297c0c511) busyness from url http://flink-jobmanager:8081/jobs/345323ff5aa31ccbd707301e40cbe16d/vertices/dca33db40b2f8f122636cd5297c0c511/subtasks/metrics?get=busyTimeMsPerSecond [0m
[0;96m[2024-02-17T13:11:05] [DEBUG] + 	Getting operator out throughput from url http://flink-jobmanager:8081/jobs/345323ff5aa31ccbd707301e40cbe16d/vertices/e926317ddf99720773e3c7f4f412c3d7/subtasks/metrics?get=numRecordsOutPerSecond [0m
[0;96m[2024-02-17T13:11:05] [DEBUG] + 	Getting operator in throughput from url http://flink-jobmanager:8081/jobs/345323ff5aa31ccbd707301e40cbe16d/vertices/e926317ddf99720773e3c7f4f412c3d7/subtasks/metrics?get=numRecordsInPerSecond [0m
[0;96m[2024-02-17T13:11:05] [DEBUG] + 	Getting operator (e926317ddf99720773e3c7f4f412c3d7) backpressure from url http://flink-jobmanager:8081/jobs/345323ff5aa31ccbd707301e40cbe16d/vertices/e926317ddf99720773e3c7f4f412c3d7/subtasks/metrics?get=backPressuredTimeMsPerSecond [0m
[0;96m[2024-02-17T13:11:05] [DEBUG] + 	Getting operator (e926317ddf99720773e3c7f4f412c3d7) busyness from url http://flink-jobmanager:8081/jobs/345323ff5aa31ccbd707301e40cbe16d/vertices/e926317ddf99720773e3c7f4f412c3d7/subtasks/metrics?get=busyTimeMsPerSecond [0m
[0;96m[2024-02-17T13:11:05] [DEBUG] + 	Getting operator out throughput from url http://flink-jobmanager:8081/jobs/345323ff5aa31ccbd707301e40cbe16d/vertices/9c7327831b3b5b4ae2c580979f474a9c/subtasks/metrics?get=numRecordsOutPerSecond [0m
[0;96m[2024-02-17T13:11:05] [DEBUG] + 	Getting operator in throughput from url http://flink-jobmanager:8081/jobs/345323ff5aa31ccbd707301e40cbe16d/vertices/9c7327831b3b5b4ae2c580979f474a9c/subtasks/metrics?get=numRecordsInPerSecond [0m
[0;96m[2024-02-17T13:11:05] [DEBUG] + 	Getting operator (9c7327831b3b5b4ae2c580979f474a9c) backpressure from url http://flink-jobmanager:8081/jobs/345323ff5aa31ccbd707301e40cbe16d/vertices/9c7327831b3b5b4ae2c580979f474a9c/subtasks/metrics?get=backPressuredTimeMsPerSecond [0m
[0;96m[2024-02-17T13:11:05] [DEBUG] + 	Getting operator (9c7327831b3b5b4ae2c580979f474a9c) busyness from url http://flink-jobmanager:8081/jobs/345323ff5aa31ccbd707301e40cbe16d/vertices/9c7327831b3b5b4ae2c580979f474a9c/subtasks/metrics?get=busyTimeMsPerSecond [0m
[0m[2024-02-17T13:11:05] [MONITOR]:: Runtime performance metrics:
[0m[2024-02-17T13:11:05] 	 Job Run Time: 317755 ms

[0;93m[2024-02-17T13:11:05] [WARNING]Back Pressure Level of some operator is HIGH[0m
[0;93m[2024-02-17T13:11:05] [WARNING]Bottleneck detected: 32f0ffe0b6f0b990239bb81cec28b9d8[0m
[0m[2024-02-17T13:11:05] Waiting to check again the backpressure after 60 seconds...
[0;96m[2024-02-17T13:12:05] [DEBUG] + 	Getting operator out throughput from url http://flink-jobmanager:8081/jobs/345323ff5aa31ccbd707301e40cbe16d/vertices/41a95396e613c9f62f1da16142d5ddd2/subtasks/metrics?get=numRecordsOutPerSecond [0m
[0;96m[2024-02-17T13:12:05] [DEBUG] + 	Getting operator in throughput from url http://flink-jobmanager:8081/jobs/345323ff5aa31ccbd707301e40cbe16d/vertices/41a95396e613c9f62f1da16142d5ddd2/subtasks/metrics?get=numRecordsInPerSecond [0m
[0;96m[2024-02-17T13:12:05] [DEBUG] + 	Getting operator (41a95396e613c9f62f1da16142d5ddd2) backpressure from url http://flink-jobmanager:8081/jobs/345323ff5aa31ccbd707301e40cbe16d/vertices/41a95396e613c9f62f1da16142d5ddd2/subtasks/metrics?get=backPressuredTimeMsPerSecond [0m
[0;96m[2024-02-17T13:12:05] [DEBUG] + 	Getting operator (41a95396e613c9f62f1da16142d5ddd2) busyness from url http://flink-jobmanager:8081/jobs/345323ff5aa31ccbd707301e40cbe16d/vertices/41a95396e613c9f62f1da16142d5ddd2/subtasks/metrics?get=busyTimeMsPerSecond [0m
[0;96m[2024-02-17T13:12:05] [DEBUG] + 	Getting operator out throughput from url http://flink-jobmanager:8081/jobs/345323ff5aa31ccbd707301e40cbe16d/vertices/32f0ffe0b6f0b990239bb81cec28b9d8/subtasks/metrics?get=numRecordsOutPerSecond [0m
[0;96m[2024-02-17T13:12:05] [DEBUG] + 	Getting operator in throughput from url http://flink-jobmanager:8081/jobs/345323ff5aa31ccbd707301e40cbe16d/vertices/32f0ffe0b6f0b990239bb81cec28b9d8/subtasks/metrics?get=numRecordsInPerSecond [0m
[0;96m[2024-02-17T13:12:05] [DEBUG] + 	Getting operator (32f0ffe0b6f0b990239bb81cec28b9d8) backpressure from url http://flink-jobmanager:8081/jobs/345323ff5aa31ccbd707301e40cbe16d/vertices/32f0ffe0b6f0b990239bb81cec28b9d8/subtasks/metrics?get=backPressuredTimeMsPerSecond [0m
[0;96m[2024-02-17T13:12:05] [DEBUG] + 	Getting operator (32f0ffe0b6f0b990239bb81cec28b9d8) busyness from url http://flink-jobmanager:8081/jobs/345323ff5aa31ccbd707301e40cbe16d/vertices/32f0ffe0b6f0b990239bb81cec28b9d8/subtasks/metrics?get=busyTimeMsPerSecond [0m
[0;96m[2024-02-17T13:12:05] [DEBUG] + 	Getting operator out throughput from url http://flink-jobmanager:8081/jobs/345323ff5aa31ccbd707301e40cbe16d/vertices/31ec045e3401e87fc7879b43d8e8625d/subtasks/metrics?get=numRecordsOutPerSecond [0m
[0;96m[2024-02-17T13:12:05] [DEBUG] + 	Getting operator in throughput from url http://flink-jobmanager:8081/jobs/345323ff5aa31ccbd707301e40cbe16d/vertices/31ec045e3401e87fc7879b43d8e8625d/subtasks/metrics?get=numRecordsInPerSecond [0m
[0;96m[2024-02-17T13:12:05] [DEBUG] + 	Getting operator (31ec045e3401e87fc7879b43d8e8625d) backpressure from url http://flink-jobmanager:8081/jobs/345323ff5aa31ccbd707301e40cbe16d/vertices/31ec045e3401e87fc7879b43d8e8625d/subtasks/metrics?get=backPressuredTimeMsPerSecond [0m
[0;96m[2024-02-17T13:12:05] [DEBUG] + 	Getting operator (31ec045e3401e87fc7879b43d8e8625d) busyness from url http://flink-jobmanager:8081/jobs/345323ff5aa31ccbd707301e40cbe16d/vertices/31ec045e3401e87fc7879b43d8e8625d/subtasks/metrics?get=busyTimeMsPerSecond [0m
[0;96m[2024-02-17T13:12:05] [DEBUG] + 	Getting operator out throughput from url http://flink-jobmanager:8081/jobs/345323ff5aa31ccbd707301e40cbe16d/vertices/dca33db40b2f8f122636cd5297c0c511/subtasks/metrics?get=numRecordsOutPerSecond [0m
[0;96m[2024-02-17T13:12:05] [DEBUG] + 	Getting operator in throughput from url http://flink-jobmanager:8081/jobs/345323ff5aa31ccbd707301e40cbe16d/vertices/dca33db40b2f8f122636cd5297c0c511/subtasks/metrics?get=numRecordsInPerSecond [0m
[0;96m[2024-02-17T13:12:05] [DEBUG] + 	Getting operator (dca33db40b2f8f122636cd5297c0c511) backpressure from url http://flink-jobmanager:8081/jobs/345323ff5aa31ccbd707301e40cbe16d/vertices/dca33db40b2f8f122636cd5297c0c511/subtasks/metrics?get=backPressuredTimeMsPerSecond [0m
[0;96m[2024-02-17T13:12:05] [DEBUG] + 	Getting operator (dca33db40b2f8f122636cd5297c0c511) busyness from url http://flink-jobmanager:8081/jobs/345323ff5aa31ccbd707301e40cbe16d/vertices/dca33db40b2f8f122636cd5297c0c511/subtasks/metrics?get=busyTimeMsPerSecond [0m
[0;96m[2024-02-17T13:12:05] [DEBUG] + 	Getting operator out throughput from url http://flink-jobmanager:8081/jobs/345323ff5aa31ccbd707301e40cbe16d/vertices/e926317ddf99720773e3c7f4f412c3d7/subtasks/metrics?get=numRecordsOutPerSecond [0m
[0;96m[2024-02-17T13:12:05] [DEBUG] + 	Getting operator in throughput from url http://flink-jobmanager:8081/jobs/345323ff5aa31ccbd707301e40cbe16d/vertices/e926317ddf99720773e3c7f4f412c3d7/subtasks/metrics?get=numRecordsInPerSecond [0m
[0;96m[2024-02-17T13:12:05] [DEBUG] + 	Getting operator (e926317ddf99720773e3c7f4f412c3d7) backpressure from url http://flink-jobmanager:8081/jobs/345323ff5aa31ccbd707301e40cbe16d/vertices/e926317ddf99720773e3c7f4f412c3d7/subtasks/metrics?get=backPressuredTimeMsPerSecond [0m
[0;96m[2024-02-17T13:12:05] [DEBUG] + 	Getting operator (e926317ddf99720773e3c7f4f412c3d7) busyness from url http://flink-jobmanager:8081/jobs/345323ff5aa31ccbd707301e40cbe16d/vertices/e926317ddf99720773e3c7f4f412c3d7/subtasks/metrics?get=busyTimeMsPerSecond [0m
[0;96m[2024-02-17T13:12:05] [DEBUG] + 	Getting operator out throughput from url http://flink-jobmanager:8081/jobs/345323ff5aa31ccbd707301e40cbe16d/vertices/9c7327831b3b5b4ae2c580979f474a9c/subtasks/metrics?get=numRecordsOutPerSecond [0m
[0;96m[2024-02-17T13:12:05] [DEBUG] + 	Getting operator in throughput from url http://flink-jobmanager:8081/jobs/345323ff5aa31ccbd707301e40cbe16d/vertices/9c7327831b3b5b4ae2c580979f474a9c/subtasks/metrics?get=numRecordsInPerSecond [0m
[0;96m[2024-02-17T13:12:05] [DEBUG] + 	Getting operator (9c7327831b3b5b4ae2c580979f474a9c) backpressure from url http://flink-jobmanager:8081/jobs/345323ff5aa31ccbd707301e40cbe16d/vertices/9c7327831b3b5b4ae2c580979f474a9c/subtasks/metrics?get=backPressuredTimeMsPerSecond [0m
[0;96m[2024-02-17T13:12:05] [DEBUG] + 	Getting operator (9c7327831b3b5b4ae2c580979f474a9c) busyness from url http://flink-jobmanager:8081/jobs/345323ff5aa31ccbd707301e40cbe16d/vertices/9c7327831b3b5b4ae2c580979f474a9c/subtasks/metrics?get=busyTimeMsPerSecond [0m
[0m[2024-02-17T13:12:05] Checking if bottleneck changed...
[0;93m[2024-02-17T13:12:05] [WARNING]Bottleneck is still 32f0ffe0b6f0b990239bb81cec28b9d8[0m
[0;96m[2024-02-17T13:12:05] [DEBUG] + 	Getting operator out throughput from url http://flink-jobmanager:8081/jobs/345323ff5aa31ccbd707301e40cbe16d/vertices/41a95396e613c9f62f1da16142d5ddd2/subtasks/metrics?get=numRecordsOutPerSecond [0m
[0;96m[2024-02-17T13:12:05] [DEBUG] + 	Getting operator in throughput from url http://flink-jobmanager:8081/jobs/345323ff5aa31ccbd707301e40cbe16d/vertices/41a95396e613c9f62f1da16142d5ddd2/subtasks/metrics?get=numRecordsInPerSecond [0m
[0;96m[2024-02-17T13:12:05] [DEBUG] + 	Getting operator (41a95396e613c9f62f1da16142d5ddd2) backpressure from url http://flink-jobmanager:8081/jobs/345323ff5aa31ccbd707301e40cbe16d/vertices/41a95396e613c9f62f1da16142d5ddd2/subtasks/metrics?get=backPressuredTimeMsPerSecond [0m
[0;96m[2024-02-17T13:12:05] [DEBUG] + 	Getting operator (41a95396e613c9f62f1da16142d5ddd2) busyness from url http://flink-jobmanager:8081/jobs/345323ff5aa31ccbd707301e40cbe16d/vertices/41a95396e613c9f62f1da16142d5ddd2/subtasks/metrics?get=busyTimeMsPerSecond [0m
[0;96m[2024-02-17T13:12:05] [DEBUG] + 	Getting operator out throughput from url http://flink-jobmanager:8081/jobs/345323ff5aa31ccbd707301e40cbe16d/vertices/32f0ffe0b6f0b990239bb81cec28b9d8/subtasks/metrics?get=numRecordsOutPerSecond [0m
[0;96m[2024-02-17T13:12:05] [DEBUG] + 	Getting operator in throughput from url http://flink-jobmanager:8081/jobs/345323ff5aa31ccbd707301e40cbe16d/vertices/32f0ffe0b6f0b990239bb81cec28b9d8/subtasks/metrics?get=numRecordsInPerSecond [0m
[0;96m[2024-02-17T13:12:05] [DEBUG] + 	Getting operator (32f0ffe0b6f0b990239bb81cec28b9d8) backpressure from url http://flink-jobmanager:8081/jobs/345323ff5aa31ccbd707301e40cbe16d/vertices/32f0ffe0b6f0b990239bb81cec28b9d8/subtasks/metrics?get=backPressuredTimeMsPerSecond [0m
[0;96m[2024-02-17T13:12:05] [DEBUG] + 	Getting operator (32f0ffe0b6f0b990239bb81cec28b9d8) busyness from url http://flink-jobmanager:8081/jobs/345323ff5aa31ccbd707301e40cbe16d/vertices/32f0ffe0b6f0b990239bb81cec28b9d8/subtasks/metrics?get=busyTimeMsPerSecond [0m
[0;96m[2024-02-17T13:12:05] [DEBUG] + 	Getting operator out throughput from url http://flink-jobmanager:8081/jobs/345323ff5aa31ccbd707301e40cbe16d/vertices/31ec045e3401e87fc7879b43d8e8625d/subtasks/metrics?get=numRecordsOutPerSecond [0m
[0;96m[2024-02-17T13:12:05] [DEBUG] + 	Getting operator in throughput from url http://flink-jobmanager:8081/jobs/345323ff5aa31ccbd707301e40cbe16d/vertices/31ec045e3401e87fc7879b43d8e8625d/subtasks/metrics?get=numRecordsInPerSecond [0m
[0;96m[2024-02-17T13:12:05] [DEBUG] + 	Getting operator (31ec045e3401e87fc7879b43d8e8625d) backpressure from url http://flink-jobmanager:8081/jobs/345323ff5aa31ccbd707301e40cbe16d/vertices/31ec045e3401e87fc7879b43d8e8625d/subtasks/metrics?get=backPressuredTimeMsPerSecond [0m
[0;96m[2024-02-17T13:12:05] [DEBUG] + 	Getting operator (31ec045e3401e87fc7879b43d8e8625d) busyness from url http://flink-jobmanager:8081/jobs/345323ff5aa31ccbd707301e40cbe16d/vertices/31ec045e3401e87fc7879b43d8e8625d/subtasks/metrics?get=busyTimeMsPerSecond [0m
[0;96m[2024-02-17T13:12:05] [DEBUG] + 	Getting operator out throughput from url http://flink-jobmanager:8081/jobs/345323ff5aa31ccbd707301e40cbe16d/vertices/dca33db40b2f8f122636cd5297c0c511/subtasks/metrics?get=numRecordsOutPerSecond [0m
[0;96m[2024-02-17T13:12:05] [DEBUG] + 	Getting operator in throughput from url http://flink-jobmanager:8081/jobs/345323ff5aa31ccbd707301e40cbe16d/vertices/dca33db40b2f8f122636cd5297c0c511/subtasks/metrics?get=numRecordsInPerSecond [0m
[0;96m[2024-02-17T13:12:05] [DEBUG] + 	Getting operator (dca33db40b2f8f122636cd5297c0c511) backpressure from url http://flink-jobmanager:8081/jobs/345323ff5aa31ccbd707301e40cbe16d/vertices/dca33db40b2f8f122636cd5297c0c511/subtasks/metrics?get=backPressuredTimeMsPerSecond [0m
[0;96m[2024-02-17T13:12:05] [DEBUG] + 	Getting operator (dca33db40b2f8f122636cd5297c0c511) busyness from url http://flink-jobmanager:8081/jobs/345323ff5aa31ccbd707301e40cbe16d/vertices/dca33db40b2f8f122636cd5297c0c511/subtasks/metrics?get=busyTimeMsPerSecond [0m
[0;96m[2024-02-17T13:12:05] [DEBUG] + 	Getting operator out throughput from url http://flink-jobmanager:8081/jobs/345323ff5aa31ccbd707301e40cbe16d/vertices/e926317ddf99720773e3c7f4f412c3d7/subtasks/metrics?get=numRecordsOutPerSecond [0m
[0;96m[2024-02-17T13:12:05] [DEBUG] + 	Getting operator in throughput from url http://flink-jobmanager:8081/jobs/345323ff5aa31ccbd707301e40cbe16d/vertices/e926317ddf99720773e3c7f4f412c3d7/subtasks/metrics?get=numRecordsInPerSecond [0m
[0;96m[2024-02-17T13:12:05] [DEBUG] + 	Getting operator (e926317ddf99720773e3c7f4f412c3d7) backpressure from url http://flink-jobmanager:8081/jobs/345323ff5aa31ccbd707301e40cbe16d/vertices/e926317ddf99720773e3c7f4f412c3d7/subtasks/metrics?get=backPressuredTimeMsPerSecond [0m
[0;96m[2024-02-17T13:12:05] [DEBUG] + 	Getting operator (e926317ddf99720773e3c7f4f412c3d7) busyness from url http://flink-jobmanager:8081/jobs/345323ff5aa31ccbd707301e40cbe16d/vertices/e926317ddf99720773e3c7f4f412c3d7/subtasks/metrics?get=busyTimeMsPerSecond [0m
[0;96m[2024-02-17T13:12:05] [DEBUG] + 	Getting operator out throughput from url http://flink-jobmanager:8081/jobs/345323ff5aa31ccbd707301e40cbe16d/vertices/9c7327831b3b5b4ae2c580979f474a9c/subtasks/metrics?get=numRecordsOutPerSecond [0m
[0;96m[2024-02-17T13:12:05] [DEBUG] + 	Getting operator in throughput from url http://flink-jobmanager:8081/jobs/345323ff5aa31ccbd707301e40cbe16d/vertices/9c7327831b3b5b4ae2c580979f474a9c/subtasks/metrics?get=numRecordsInPerSecond [0m
[0;96m[2024-02-17T13:12:05] [DEBUG] + 	Getting operator (9c7327831b3b5b4ae2c580979f474a9c) backpressure from url http://flink-jobmanager:8081/jobs/345323ff5aa31ccbd707301e40cbe16d/vertices/9c7327831b3b5b4ae2c580979f474a9c/subtasks/metrics?get=backPressuredTimeMsPerSecond [0m
[0;96m[2024-02-17T13:12:05] [DEBUG] + 	Getting operator (9c7327831b3b5b4ae2c580979f474a9c) busyness from url http://flink-jobmanager:8081/jobs/345323ff5aa31ccbd707301e40cbe16d/vertices/9c7327831b3b5b4ae2c580979f474a9c/subtasks/metrics?get=busyTimeMsPerSecond [0m
[0m[2024-02-17T13:12:05] [MONITOR]:: Runtime performance metrics:
[0m[2024-02-17T13:12:05] 	 Job Run Time: 378169 ms
[0m[2024-02-17T13:12:05] Backpressure is still high and the system needs a reconfiguration...
[0m[2024-02-17T13:12:05] [RES_MNGR] Average network latencies
[0m[2024-02-17T13:12:05] 
               parasilo-2     parasilo-20    parasilo-21    parasilo-22    parasilo-24    parasilo-25    parasilo-26    parasilo-27    parasilo-28    parasilo-3     parasilo-4     parasilo-5     parasilo-6     parasilo-7     parasilo-8     parasilo-9     
parasilo-2     33.484         20.948         26.073         47.148         42.983         48.396         48.131         45.697         45.908         19.049         43.87          21.575         22.0           46.394         43.597         45.797         
parasilo-20    20.948         2.971          3.641          25.706         21.328         23.598         25.555         21.914         21.203         4.579          26.823         6.632          4.064          21.911         22.635         24.558         
parasilo-21    26.073         3.641          7.601          32.612         27.27          30.71          31.909         27.484         27.369         1.546          31.788         4.447          5.097          27.889         29.613         30.495         
parasilo-22    47.148         25.706         32.612         11.931         47.634         51.656         48.04          49.333         50.353         26.254         51.687         28.193         28.667         50.517         47.754         47.942         
parasilo-24    42.983         21.328         27.27          47.634         34.025         47.588         46.197         45.924         46.73          20.786         49.047         23.581         22.505         45.598         45.734         42.993         
parasilo-25    48.396         23.598         30.71          51.656         47.588         47.673         52.782         49.708         48.466         24.086         55.598         26.363         26.626         49.745         48.727         51.525         
parasilo-26    48.131         25.555         31.909         48.04          46.197         52.782         28.225         48.223         49.397         24.814         45.871         26.222         26.963         49.789         47.177         52.672         
parasilo-27    45.697         21.914         27.484         49.333         45.924         49.708         48.223         42.209         45.972         20.722         49.594         22.767         23.863         45.881         49.123         49.242         
parasilo-28    45.908         21.203         27.369         50.353         46.73          48.466         49.397         45.972         42.185         19.923         50.357         21.354         23.646         45.345         46.16          48.941         
parasilo-3     19.049         4.579          1.546          26.254         20.786         24.086         24.814         20.722         19.923         0.663          24.038         3.711          5.22           20.808         21.817         23.431         
parasilo-4     43.87          26.823         31.788         51.687         49.047         55.598         45.871         49.594         50.357         24.038         7.597          25.813         27.741         49.791         46.064         45.358         
parasilo-5     21.575         6.632          4.447          28.193         23.581         26.363         26.222         22.767         21.354         3.711          25.813         4.146          5.001          22.901         23.544         26.181         
parasilo-6     22.0           4.064          5.097          28.667         22.505         26.626         26.963         23.863         23.646         5.22           27.741         5.001          3.336          24.298         25.134         26.707         
parasilo-7     46.394         21.911         27.889         50.517         45.598         49.745         49.789         45.881         45.345         20.808         49.791         22.901         24.298         41.872         48.456         46.401         
parasilo-8     43.597         22.635         29.613         47.754         45.734         48.727         47.177         49.123         46.16          21.817         46.064         23.544         25.134         48.456         14.134         45.482         
parasilo-9     45.797         24.558         30.495         47.942         42.993         51.525         52.672         49.242         48.941         23.431         45.358         26.181         26.707         46.401         45.482         23.125         

[0m[2024-02-17T13:12:05] [RES_MNGR] Shortest path nodes: ['parasilo-3', 'parasilo-21', 'parasilo-5', 'parasilo-20', 'parasilo-6', 'parasilo-2', 'parasilo-28', 'parasilo-27', 'parasilo-24', 'parasilo-7', 'parasilo-8', 'parasilo-9', 'parasilo-4', 'parasilo-25', 'parasilo-26', 'parasilo-22']
[0m[2024-02-17T13:12:05] [RES_MNGR] Observed delays: [0, 1.5459999999999998, 3.7108, 4.5786, 5.219899999999998, 19.0493, 19.9226, 20.721600000000002, 20.786499999999997, 20.807799999999993, 21.816699999999994, 23.4313, 24.038199999999996, 24.0858, 24.814000000000004, 26.2537, 4.4474]
[0m[2024-02-17T13:12:05] [RES_MNGR] NDmax: 55.5976
/transscale/utils/prediction/models/ParallelismModel.py:39: OptimizeWarning: Covariance of the parameters could not be estimated
  popt, _ = curve_fit(lambda x, alpha, gamma: alpha * x[0] - gamma * x[1],
[0m[2024-02-17T13:12:05] [COMBO_CTRL] Reconf: Scale Up Window(TumblingEventTimeWindows(1000),_EventTimeTrigger,_TimeEvictor,_CoGroupWindowFunction)<br/>+-_Timestamps/Watermarks from par 1
[0;96m[2024-02-17T13:12:05] [DEBUG] + [PRED_MATRIX] Current prediction matrix is:
 [[      0.       0.       0.]
 [      0.   51399.  102798.]
 [      0.  102798.  205596.]
 [      0.  154197.  308394.]
 [      0.  205596.  411192.]
 [      0.  256995.  513990.]
 [      0.  308394.  616788.]
 [      0.  359793.  719586.]
 [      0.  411192.  822384.]
 [      0.  462591.  925182.]
 [      0.  513990. 1027980.]
 [      0.  565389. 1130778.]
 [      0.  616788. 1233576.]
 [      0.  668187. 1336374.]
 [      0.  719586. 1439172.]
 [      0.  770985. 1541970.]
 [      0.  822384. 1644768.]] [0m
[0;96m[2024-02-17T13:12:05] [DEBUG] + [PRED_MATRIX] 	par, transp: 1, 1 target tput: 51399 new_tput %: 51399.0 tput diff %: 0  [0m
[0;96m[2024-02-17T13:12:05] [DEBUG] + [PRED_MATRIX] 	par, transp: 1, 2 target tput: 51399 new_tput %: 102798.0 tput diff %: 50.0 ADDED [0m
[0;96m[2024-02-17T13:12:05] [DEBUG] + [PRED_MATRIX] 	par, transp: 2, 1 target tput: 51399 new_tput %: 102798.0 tput diff %: 50.0 ADDED [0m
[0;96m[2024-02-17T13:12:05] [DEBUG] + [PRED_MATRIX] Scaling Possibilities: [(1, 2), (2, 1)] [0m

[0;96m[2024-02-17T13:12:05] [DEBUG] + 	Getting overview info from url http://flink-jobmanager:8081/overview [0m
[0m[2024-02-17T13:12:05] 
*******************************************************
[0m[2024-02-17T13:12:05] [RES_MNGR] Re-configuring PARALLELISM
[0m[2024-02-17T13:12:05] 	Current Parallelism: 1
[0m[2024-02-17T13:12:05] 	Target Parallelism: 2
[0m[2024-02-17T13:12:05] [RES_MNGR] Stopping Flink for re-configuration...
[0m[2024-02-17T13:12:09] Running command ['/bin/sh', '-c', 'flink stop 345323ff5aa31ccbd707301e40cbe16d'] on pod flink-jobmanager-5bc8b4d75c-bj4tm
[0m[2024-02-17T13:12:17] Job is still running, waiting to stop it
[0m[2024-02-17T13:12:21] Running command ['/bin/sh', '-c', 'flink stop 345323ff5aa31ccbd707301e40cbe16d'] on pod flink-jobmanager-5bc8b4d75c-bj4tm
[0m[2024-02-17T13:12:29] Job is still running, waiting to stop it
[0m[2024-02-17T13:12:33] Running command ['/bin/sh', '-c', 'flink stop 345323ff5aa31ccbd707301e40cbe16d'] on pod flink-jobmanager-5bc8b4d75c-bj4tm
[0m[2024-02-17T13:12:58] [RES_MNGR] Re-scaling number of task managers...
[0;96m[2024-02-17T13:12:58] [DEBUG] + 	Getting overview info from url http://flink-jobmanager:8081/overview [0m
[0m[2024-02-17T13:12:58] [RES_MNGR] Average network latencies
[0m[2024-02-17T13:12:58] 
               parasilo-2     parasilo-20    parasilo-21    parasilo-22    parasilo-24    parasilo-25    parasilo-26    parasilo-27    parasilo-28    parasilo-3     parasilo-4     parasilo-5     parasilo-6     parasilo-7     parasilo-8     parasilo-9     
parasilo-2     38.41          23.425         28.111         49.561         46.866         47.608         50.714         49.267         50.644         22.692         48.232         23.673         22.568         51.835         48.689         52.26          
parasilo-20    23.425         0.02           2.088          27.04          21.332         18.471         24.702         22.658         21.875         4.225          25.9           3.075          2.214          22.968         25.298         24.078         
parasilo-21    28.111         2.088          3.976          30.911         29.005         26.089         32.043         27.52          27.391         0.789          31.969         3.124          3.164          30.282         30.37          32.11          
parasilo-22    49.561         27.04          30.911         10.462         48.895         44.153         48.795         50.228         52.65          26.202         52.429         27.728         24.179         55.57          49.813         49.801         
parasilo-24    46.866         21.332         29.005         48.895         37.614         42.743         48.669         49.155         49.9           22.945         52.652         21.444         23.127         50.949         49.782         47.525         
parasilo-25    47.608         18.471         26.089         44.153         42.743         32.797         45.182         44.443         45.989         20.032         49.029         19.567         19.597         48.17          50.433         44.632         
parasilo-26    50.714         24.702         32.043         48.795         48.669         45.182         29.694         50.502         52.928         26.058         48.96          25.525         24.398         53.56          50.425         55.51          
parasilo-27    49.267         22.658         27.52          50.228         49.155         44.443         50.502         44.382         48.773         21.633         51.631         23.483         21.548         50.806         52.986         53.02          
parasilo-28    50.644         21.875         27.391         52.65          49.9           45.989         52.928         48.773         44.89          22.37          52.566         23.175         24.895         50.989         50.624         51.058         
parasilo-3     22.692         4.225          0.789          26.202         22.945         20.032         26.058         21.633         22.37          1.121          26.212         4.697          4.266          24.245         25.979         26.574         
parasilo-4     48.232         25.9           31.969         52.429         52.652         49.029         48.96          51.631         52.566         26.212         8.248          26.546         25.95          55.158         50.188         49.5           
parasilo-5     23.673         3.075          3.124          27.728         21.444         19.567         25.525         23.483         23.175         4.697          26.546         1.55           6.442          24.227         26.301         25.297         
parasilo-6     22.568         2.214          3.164          24.179         23.127         19.597         24.398         21.548         24.895         4.266          25.95          6.442          0.04           26.188         27.786         28.37          
parasilo-7     51.835         22.968         30.282         55.57          50.949         48.17          53.56          50.806         50.989         24.245         55.158         24.227         26.188         50.61          54.413         55.005         
parasilo-8     48.689         25.298         30.37          49.813         49.782         50.433         50.425         52.986         50.624         25.979         50.188         26.301         27.786         54.413         16.477         50.084         
parasilo-9     52.26          24.078         32.11          49.801         47.525         44.632         55.51          53.02          51.058         26.574         49.5           25.297         28.37          55.005         50.084         26.071         

[0m[2024-02-17T13:12:58] [RES_MNGR] Shortest path nodes: ['parasilo-3', 'parasilo-21']
[0m[2024-02-17T13:12:58] [RES_MNGR] Observed delays: [0, 0.7891999999999999]
[0m[2024-02-17T13:12:58] [RES_MNGR] NDmax: 32.110200000000006
[0;96m[2024-02-17T13:12:59] [DEBUG] + 	 Running taskmanager reset: target_par 0  [0m
[0m[2024-02-17T13:12:59] Deployment flink-taskmanager scaled to 0 replica.
[0;96m[2024-02-17T13:13:02] [DEBUG] + 	 Running taskmanager rescale: target_par 2  [0m
[0m[2024-02-17T13:13:02] Deployment flink-taskmanager scaled to 2 replica.
[0;96m[2024-02-17T13:13:07] [DEBUG] + 	Getting overview info from url http://flink-jobmanager:8081/overview [0m
[0;96m[2024-02-17T13:13:07] [DEBUG] + 	Current Taskmanagers: 0 [0m
[0;96m[2024-02-17T13:13:07] [DEBUG] + 	Target Parallelism: 2 [0m
[0;96m[2024-02-17T13:13:12] [DEBUG] + 	Getting overview info from url http://flink-jobmanager:8081/overview [0m
[0;96m[2024-02-17T13:13:12] [DEBUG] + 	Current Taskmanagers: 2 [0m
[0;96m[2024-02-17T13:13:12] [DEBUG] + 	Target Parallelism: 2 [0m
[0m[2024-02-17T13:13:12] [RES_MNGR] Resuming Flink with new configuration...
[0m[2024-02-17T13:13:12] Running job /tmp/jobs/myjoin-transscale-all.jar
[0m[2024-02-17T13:13:16] Running command ['/bin/sh', '-c', "flink run -s s3://flink-bucket/savepoints/savepoint-345323-3c9318d96474 -d -j /tmp/jobs/myjoin-transscale-all.jar --parmap 'Sink__Sink:1;Window(TumblingEventTimeWindows(1000),_EventTimeTrigger,_TimeEvictor,_CoGroupWindowFunction)<br/>+-_Timestamps/Watermarks:2;Timestamps/Watermarks<br/>+-_Map:1;Source__Source1:1;Timestamps/Watermarks<br/>+-_Map:1;Source__Source2:1'"] on pod flink-jobmanager-5bc8b4d75c-bj4tm
[0;96m[2024-02-17T13:13:41] [DEBUG] + Job is running, waiting to check for errors [0m
[0m[2024-02-17T13:13:56] 
*******************************************************
[0m[2024-02-17T13:13:56] Warming up for 240 seconds
[0m[2024-02-17T13:17:56] [MONITOR]: Retrieving job details from flink-jobmanager:8081 ...
[0m[2024-02-17T13:17:56] [MONITOR]:: Details about the job:
[0m[2024-02-17T13:17:56] 	 Job ID: 22c2b2868571bb85693a23cd794c41b6
[0m[2024-02-17T13:17:56] 	 Operators: 6
[0m[2024-02-17T13:17:56] TRANSSCALE:: Monitoring the throughput and back pressure every 60 seconds...
[0m[2024-02-17T13:18:56] 
TRANSSCALE:: Periodic Monitoring...
[0;96m[2024-02-17T13:18:56] [DEBUG] + 	Getting operator out throughput from url http://flink-jobmanager:8081/jobs/22c2b2868571bb85693a23cd794c41b6/vertices/41a95396e613c9f62f1da16142d5ddd2/subtasks/metrics?get=numRecordsOutPerSecond [0m
[0;96m[2024-02-17T13:18:56] [DEBUG] + 	Getting operator in throughput from url http://flink-jobmanager:8081/jobs/22c2b2868571bb85693a23cd794c41b6/vertices/41a95396e613c9f62f1da16142d5ddd2/subtasks/metrics?get=numRecordsInPerSecond [0m
[0;96m[2024-02-17T13:18:56] [DEBUG] + 	Getting operator (41a95396e613c9f62f1da16142d5ddd2) backpressure from url http://flink-jobmanager:8081/jobs/22c2b2868571bb85693a23cd794c41b6/vertices/41a95396e613c9f62f1da16142d5ddd2/subtasks/metrics?get=backPressuredTimeMsPerSecond [0m
[0;96m[2024-02-17T13:18:56] [DEBUG] + 	Getting operator (41a95396e613c9f62f1da16142d5ddd2) busyness from url http://flink-jobmanager:8081/jobs/22c2b2868571bb85693a23cd794c41b6/vertices/41a95396e613c9f62f1da16142d5ddd2/subtasks/metrics?get=busyTimeMsPerSecond [0m
[0;96m[2024-02-17T13:18:56] [DEBUG] + 	Getting operator out throughput from url http://flink-jobmanager:8081/jobs/22c2b2868571bb85693a23cd794c41b6/vertices/32f0ffe0b6f0b990239bb81cec28b9d8/subtasks/metrics?get=numRecordsOutPerSecond [0m
[0;96m[2024-02-17T13:18:56] [DEBUG] + 	Getting operator in throughput from url http://flink-jobmanager:8081/jobs/22c2b2868571bb85693a23cd794c41b6/vertices/32f0ffe0b6f0b990239bb81cec28b9d8/subtasks/metrics?get=numRecordsInPerSecond [0m
[0;96m[2024-02-17T13:18:56] [DEBUG] + 	Getting operator (32f0ffe0b6f0b990239bb81cec28b9d8) backpressure from url http://flink-jobmanager:8081/jobs/22c2b2868571bb85693a23cd794c41b6/vertices/32f0ffe0b6f0b990239bb81cec28b9d8/subtasks/metrics?get=backPressuredTimeMsPerSecond [0m
[0;96m[2024-02-17T13:18:56] [DEBUG] + 	Getting operator (32f0ffe0b6f0b990239bb81cec28b9d8) busyness from url http://flink-jobmanager:8081/jobs/22c2b2868571bb85693a23cd794c41b6/vertices/32f0ffe0b6f0b990239bb81cec28b9d8/subtasks/metrics?get=busyTimeMsPerSecond [0m
[0;96m[2024-02-17T13:18:56] [DEBUG] + 	Getting operator out throughput from url http://flink-jobmanager:8081/jobs/22c2b2868571bb85693a23cd794c41b6/vertices/31ec045e3401e87fc7879b43d8e8625d/subtasks/metrics?get=numRecordsOutPerSecond [0m
[0;96m[2024-02-17T13:18:57] [DEBUG] + 	Getting operator in throughput from url http://flink-jobmanager:8081/jobs/22c2b2868571bb85693a23cd794c41b6/vertices/31ec045e3401e87fc7879b43d8e8625d/subtasks/metrics?get=numRecordsInPerSecond [0m
[0;96m[2024-02-17T13:18:57] [DEBUG] + 	Getting operator (31ec045e3401e87fc7879b43d8e8625d) backpressure from url http://flink-jobmanager:8081/jobs/22c2b2868571bb85693a23cd794c41b6/vertices/31ec045e3401e87fc7879b43d8e8625d/subtasks/metrics?get=backPressuredTimeMsPerSecond [0m
[0;96m[2024-02-17T13:18:57] [DEBUG] + 	Getting operator (31ec045e3401e87fc7879b43d8e8625d) busyness from url http://flink-jobmanager:8081/jobs/22c2b2868571bb85693a23cd794c41b6/vertices/31ec045e3401e87fc7879b43d8e8625d/subtasks/metrics?get=busyTimeMsPerSecond [0m
[0;96m[2024-02-17T13:18:57] [DEBUG] + 	Getting operator out throughput from url http://flink-jobmanager:8081/jobs/22c2b2868571bb85693a23cd794c41b6/vertices/dca33db40b2f8f122636cd5297c0c511/subtasks/metrics?get=numRecordsOutPerSecond [0m
[0;96m[2024-02-17T13:18:57] [DEBUG] + 	Getting operator in throughput from url http://flink-jobmanager:8081/jobs/22c2b2868571bb85693a23cd794c41b6/vertices/dca33db40b2f8f122636cd5297c0c511/subtasks/metrics?get=numRecordsInPerSecond [0m
[0;96m[2024-02-17T13:18:57] [DEBUG] + 	Getting operator (dca33db40b2f8f122636cd5297c0c511) backpressure from url http://flink-jobmanager:8081/jobs/22c2b2868571bb85693a23cd794c41b6/vertices/dca33db40b2f8f122636cd5297c0c511/subtasks/metrics?get=backPressuredTimeMsPerSecond [0m
[0;96m[2024-02-17T13:18:57] [DEBUG] + 	Getting operator (dca33db40b2f8f122636cd5297c0c511) busyness from url http://flink-jobmanager:8081/jobs/22c2b2868571bb85693a23cd794c41b6/vertices/dca33db40b2f8f122636cd5297c0c511/subtasks/metrics?get=busyTimeMsPerSecond [0m
[0;96m[2024-02-17T13:18:57] [DEBUG] + 	Getting operator out throughput from url http://flink-jobmanager:8081/jobs/22c2b2868571bb85693a23cd794c41b6/vertices/e926317ddf99720773e3c7f4f412c3d7/subtasks/metrics?get=numRecordsOutPerSecond [0m
[0;96m[2024-02-17T13:18:57] [DEBUG] + 	Getting operator in throughput from url http://flink-jobmanager:8081/jobs/22c2b2868571bb85693a23cd794c41b6/vertices/e926317ddf99720773e3c7f4f412c3d7/subtasks/metrics?get=numRecordsInPerSecond [0m
[0;96m[2024-02-17T13:18:57] [DEBUG] + 	Getting operator (e926317ddf99720773e3c7f4f412c3d7) backpressure from url http://flink-jobmanager:8081/jobs/22c2b2868571bb85693a23cd794c41b6/vertices/e926317ddf99720773e3c7f4f412c3d7/subtasks/metrics?get=backPressuredTimeMsPerSecond [0m
