[0m[2024-02-17T17:27:49] TRANSSCALE:: Starting auto-scaler...

[0m[2024-02-17T17:27:49] [LOGGER] New debug level: 1
[0m[2024-02-17T17:27:49] Starting RTT matrix update thread
[0;96m[2024-02-17T17:27:49] [DEBUG] + [RECONF_MNGR] Selected strategy is transscale.strategies.ParallelismOnly [0m
[0;96m[2024-02-17T17:27:49] [DEBUG] + [RECONF_MNGR] Strategy imported [0m
[0;96m[2024-02-17T17:27:49] [DEBUG] +  [0m[0m[2024-02-17T17:27:49] [RECONF_STRAT] Using PARALLELISM ONLY strategy
[0m[2024-02-17T17:27:49] [MONITOR]: Retrieving job details from flink-jobmanager:8081 ...
[0m[2024-02-17T17:27:49] [MONITOR]:: Details about the job:
[0m[2024-02-17T17:27:49] 	 Job ID: 8f239d2bf28e994c9787a8bcbbe2f1cb
[0m[2024-02-17T17:27:49] 	 Operators: 6
[0m[2024-02-17T17:27:49] 
*******************************************************
[0m[2024-02-17T17:27:49] Warming up for 240 seconds
[0m[2024-02-17T17:31:49] [MONITOR]: Retrieving job details from flink-jobmanager:8081 ...
[0m[2024-02-17T17:31:49] [MONITOR]:: Details about the job:
[0m[2024-02-17T17:31:49] 	 Job ID: 8f239d2bf28e994c9787a8bcbbe2f1cb
[0m[2024-02-17T17:31:49] 	 Operators: 6
[0m[2024-02-17T17:31:49] TRANSSCALE:: Monitoring the throughput and back pressure every 60 seconds...
[0m[2024-02-17T17:32:49] 
TRANSSCALE:: Periodic Monitoring...
[0;96m[2024-02-17T17:32:49] [DEBUG] + 	Getting operator out throughput from url http://flink-jobmanager:8081/jobs/8f239d2bf28e994c9787a8bcbbe2f1cb/vertices/41a95396e613c9f62f1da16142d5ddd2/subtasks/metrics?get=numRecordsOutPerSecond [0m
[0;96m[2024-02-17T17:32:49] [DEBUG] + 	Getting operator in throughput from url http://flink-jobmanager:8081/jobs/8f239d2bf28e994c9787a8bcbbe2f1cb/vertices/41a95396e613c9f62f1da16142d5ddd2/subtasks/metrics?get=numRecordsInPerSecond [0m
[0;96m[2024-02-17T17:32:49] [DEBUG] + 	Getting operator (41a95396e613c9f62f1da16142d5ddd2) backpressure from url http://flink-jobmanager:8081/jobs/8f239d2bf28e994c9787a8bcbbe2f1cb/vertices/41a95396e613c9f62f1da16142d5ddd2/subtasks/metrics?get=backPressuredTimeMsPerSecond [0m
[0;96m[2024-02-17T17:32:49] [DEBUG] + 	Getting operator (41a95396e613c9f62f1da16142d5ddd2) busyness from url http://flink-jobmanager:8081/jobs/8f239d2bf28e994c9787a8bcbbe2f1cb/vertices/41a95396e613c9f62f1da16142d5ddd2/subtasks/metrics?get=busyTimeMsPerSecond [0m
[0;96m[2024-02-17T17:32:49] [DEBUG] + 	Getting operator out throughput from url http://flink-jobmanager:8081/jobs/8f239d2bf28e994c9787a8bcbbe2f1cb/vertices/32f0ffe0b6f0b990239bb81cec28b9d8/subtasks/metrics?get=numRecordsOutPerSecond [0m
[0;96m[2024-02-17T17:32:49] [DEBUG] + 	Getting operator in throughput from url http://flink-jobmanager:8081/jobs/8f239d2bf28e994c9787a8bcbbe2f1cb/vertices/32f0ffe0b6f0b990239bb81cec28b9d8/subtasks/metrics?get=numRecordsInPerSecond [0m
[0;96m[2024-02-17T17:32:49] [DEBUG] + 	Getting operator (32f0ffe0b6f0b990239bb81cec28b9d8) backpressure from url http://flink-jobmanager:8081/jobs/8f239d2bf28e994c9787a8bcbbe2f1cb/vertices/32f0ffe0b6f0b990239bb81cec28b9d8/subtasks/metrics?get=backPressuredTimeMsPerSecond [0m
[0;96m[2024-02-17T17:32:49] [DEBUG] + 	Getting operator (32f0ffe0b6f0b990239bb81cec28b9d8) busyness from url http://flink-jobmanager:8081/jobs/8f239d2bf28e994c9787a8bcbbe2f1cb/vertices/32f0ffe0b6f0b990239bb81cec28b9d8/subtasks/metrics?get=busyTimeMsPerSecond [0m
[0;96m[2024-02-17T17:32:49] [DEBUG] + 	Getting operator out throughput from url http://flink-jobmanager:8081/jobs/8f239d2bf28e994c9787a8bcbbe2f1cb/vertices/31ec045e3401e87fc7879b43d8e8625d/subtasks/metrics?get=numRecordsOutPerSecond [0m
[0;96m[2024-02-17T17:32:49] [DEBUG] + 	Getting operator in throughput from url http://flink-jobmanager:8081/jobs/8f239d2bf28e994c9787a8bcbbe2f1cb/vertices/31ec045e3401e87fc7879b43d8e8625d/subtasks/metrics?get=numRecordsInPerSecond [0m
[0;96m[2024-02-17T17:32:49] [DEBUG] + 	Getting operator (31ec045e3401e87fc7879b43d8e8625d) backpressure from url http://flink-jobmanager:8081/jobs/8f239d2bf28e994c9787a8bcbbe2f1cb/vertices/31ec045e3401e87fc7879b43d8e8625d/subtasks/metrics?get=backPressuredTimeMsPerSecond [0m
[0;96m[2024-02-17T17:32:49] [DEBUG] + 	Getting operator (31ec045e3401e87fc7879b43d8e8625d) busyness from url http://flink-jobmanager:8081/jobs/8f239d2bf28e994c9787a8bcbbe2f1cb/vertices/31ec045e3401e87fc7879b43d8e8625d/subtasks/metrics?get=busyTimeMsPerSecond [0m
[0;96m[2024-02-17T17:32:49] [DEBUG] + 	Getting operator out throughput from url http://flink-jobmanager:8081/jobs/8f239d2bf28e994c9787a8bcbbe2f1cb/vertices/dca33db40b2f8f122636cd5297c0c511/subtasks/metrics?get=numRecordsOutPerSecond [0m
[0;96m[2024-02-17T17:32:49] [DEBUG] + 	Getting operator in throughput from url http://flink-jobmanager:8081/jobs/8f239d2bf28e994c9787a8bcbbe2f1cb/vertices/dca33db40b2f8f122636cd5297c0c511/subtasks/metrics?get=numRecordsInPerSecond [0m
[0;96m[2024-02-17T17:32:49] [DEBUG] + 	Getting operator (dca33db40b2f8f122636cd5297c0c511) backpressure from url http://flink-jobmanager:8081/jobs/8f239d2bf28e994c9787a8bcbbe2f1cb/vertices/dca33db40b2f8f122636cd5297c0c511/subtasks/metrics?get=backPressuredTimeMsPerSecond [0m
[0;96m[2024-02-17T17:32:49] [DEBUG] + 	Getting operator (dca33db40b2f8f122636cd5297c0c511) busyness from url http://flink-jobmanager:8081/jobs/8f239d2bf28e994c9787a8bcbbe2f1cb/vertices/dca33db40b2f8f122636cd5297c0c511/subtasks/metrics?get=busyTimeMsPerSecond [0m
[0;96m[2024-02-17T17:32:49] [DEBUG] + 	Getting operator out throughput from url http://flink-jobmanager:8081/jobs/8f239d2bf28e994c9787a8bcbbe2f1cb/vertices/e926317ddf99720773e3c7f4f412c3d7/subtasks/metrics?get=numRecordsOutPerSecond [0m
[0;96m[2024-02-17T17:32:49] [DEBUG] + 	Getting operator in throughput from url http://flink-jobmanager:8081/jobs/8f239d2bf28e994c9787a8bcbbe2f1cb/vertices/e926317ddf99720773e3c7f4f412c3d7/subtasks/metrics?get=numRecordsInPerSecond [0m
[0;96m[2024-02-17T17:32:49] [DEBUG] + 	Getting operator (e926317ddf99720773e3c7f4f412c3d7) backpressure from url http://flink-jobmanager:8081/jobs/8f239d2bf28e994c9787a8bcbbe2f1cb/vertices/e926317ddf99720773e3c7f4f412c3d7/subtasks/metrics?get=backPressuredTimeMsPerSecond [0m
[0;96m[2024-02-17T17:32:50] [DEBUG] + 	Getting operator (e926317ddf99720773e3c7f4f412c3d7) busyness from url http://flink-jobmanager:8081/jobs/8f239d2bf28e994c9787a8bcbbe2f1cb/vertices/e926317ddf99720773e3c7f4f412c3d7/subtasks/metrics?get=busyTimeMsPerSecond [0m
[0;96m[2024-02-17T17:32:50] [DEBUG] + 	Getting operator out throughput from url http://flink-jobmanager:8081/jobs/8f239d2bf28e994c9787a8bcbbe2f1cb/vertices/9c7327831b3b5b4ae2c580979f474a9c/subtasks/metrics?get=numRecordsOutPerSecond [0m
[0;96m[2024-02-17T17:32:50] [DEBUG] + 	Getting operator in throughput from url http://flink-jobmanager:8081/jobs/8f239d2bf28e994c9787a8bcbbe2f1cb/vertices/9c7327831b3b5b4ae2c580979f474a9c/subtasks/metrics?get=numRecordsInPerSecond [0m
[0;96m[2024-02-17T17:32:50] [DEBUG] + 	Getting operator (9c7327831b3b5b4ae2c580979f474a9c) backpressure from url http://flink-jobmanager:8081/jobs/8f239d2bf28e994c9787a8bcbbe2f1cb/vertices/9c7327831b3b5b4ae2c580979f474a9c/subtasks/metrics?get=backPressuredTimeMsPerSecond [0m
[0;96m[2024-02-17T17:32:50] [DEBUG] + 	Getting operator (9c7327831b3b5b4ae2c580979f474a9c) busyness from url http://flink-jobmanager:8081/jobs/8f239d2bf28e994c9787a8bcbbe2f1cb/vertices/9c7327831b3b5b4ae2c580979f474a9c/subtasks/metrics?get=busyTimeMsPerSecond [0m
[0m[2024-02-17T17:32:50] [MONITOR]:: Runtime performance metrics:
[0m[2024-02-17T17:32:50] 	 Job Run Time: 5963051 ms

[0;93m[2024-02-17T17:32:50] [WARNING]Back Pressure Level low, preparing for scale down[0m
[0;93m[2024-02-17T17:32:50] [WARNING]Resources are already at max level for operator 41a95396e613c9f62f1da16142d5ddd2. Cannot scale-down.[0m
[0m[2024-02-17T17:32:50] [RES_MNGR] Average network latencies
[0m[2024-02-17T17:32:50] 
               parasilo-2     parasilo-20    parasilo-21    parasilo-22    parasilo-24    parasilo-25    parasilo-26    parasilo-27    parasilo-28    parasilo-3     parasilo-4     parasilo-5     parasilo-6     parasilo-7     parasilo-8     parasilo-9     
parasilo-2     5.053          26.084         27.359         30.081         10.74          5.332          22.301         21.636         9.386          11.608         30.15          29.298         26.811         30.804         30.472         24.644         
parasilo-20    26.084         0.282          45.124         46.139         33.241         26.733         53.377         54.186         29.534         29.822         48.792         48.393         47.532         51.662         46.288         59.402         
parasilo-21    27.359         45.124         0.02           45.366         36.638         27.852         57.115         50.98          32.839         34.142         46.576         48.205         49.098         51.278         50.009         56.378         
parasilo-22    30.081         46.139         45.366         1.434          33.316         30.7           53.935         51.577         35.234         33.129         47.486         48.488         50.042         54.909         49.734         56.989         
parasilo-24    10.74          33.241         36.638         33.316         10.058         9.949          27.214         30.103         3.374          2.457          36.404         37.012         32.575         35.043         39.227         33.404         
parasilo-25    5.332          26.733         27.852         30.7           9.949          1.38           23.45          22.746         7.446          10.071         30.203         29.889         26.036         30.478         29.555         25.035         
parasilo-26    22.301         53.377         57.115         53.935         27.214         23.45          38.471         47.437         28.047         24.958         55.161         55.568         54.264         55.777         61.965         56.058         
parasilo-27    21.636         54.186         50.98          51.577         30.103         22.746         47.437         36.194         27.49          26.009         52.715         51.872         56.806         59.992         55.903         51.043         
parasilo-28    9.386          29.534         32.839         35.234         3.374          7.446          28.047         27.49          8.693          3.34           34.718         33.415         30.309         35.699         33.81          30.043         
parasilo-3     11.608         29.822         34.142         33.129         2.457          10.071         24.958         26.009         3.34           8.726          31.787         33.421         29.516         35.655         35.55          29.936         
parasilo-4     30.15          48.792         46.576         47.486         36.404         30.203         55.161         52.715         34.718         31.787         0.28           50.278         49.489         52.061         48.466         60.669         
parasilo-5     29.298         48.393         48.205         48.488         37.012         29.889         55.568         51.872         33.415         33.421         50.278         1.502          46.955         55.22          48.265         62.614         
parasilo-6     26.811         47.532         49.098         50.042         32.575         26.036         54.264         56.806         30.309         29.516         49.489         46.955         0.14           51.017         52.199         59.449         
parasilo-7     30.804         51.662         51.278         54.909         35.043         30.478         55.777         59.992         35.699         35.655         52.061         55.22          51.017         2.277          49.135         66.211         
parasilo-8     30.472         46.288         50.009         49.734         39.227         29.555         61.965         55.903         33.81          35.55          48.466         48.265         52.199         49.135         0.168          60.493         
parasilo-9     24.644         59.402         56.378         56.989         33.404         25.035         56.058         51.043         30.043         29.936         60.669         62.614         59.449         66.211         60.493         48.983         

[0m[2024-02-17T17:32:50] [RES_MNGR] Shortest path nodes: ['parasilo-25', 'parasilo-2', 'parasilo-28', 'parasilo-24', 'parasilo-3', 'parasilo-27', 'parasilo-26', 'parasilo-9', 'parasilo-6', 'parasilo-20', 'parasilo-21', 'parasilo-8', 'parasilo-5', 'parasilo-4', 'parasilo-7', 'parasilo-22']
[0m[2024-02-17T17:32:50] [RES_MNGR] Observed delays: [0, 5.332, 7.445799999999998, 9.948899999999998, 10.0708, 22.7456, 23.449600000000004, 25.035400000000003, 26.035999999999994, 26.7332, 27.8517, 29.5546, 29.888999999999992, 30.2031, 30.477600000000002, 30.699699999999996, 9.386]
[0m[2024-02-17T17:32:50] [RES_MNGR] NDmax: 66.211
[0m[2024-02-17T17:32:50] [COMBO_CTRL] Reconf: Scale Down Window(TumblingEventTimeWindows(1000),_EventTimeTrigger,_TimeEvictor,_CoGroupWindowFunction)<br/>+-_Timestamps/Watermarks from par 5
[0;96m[2024-02-17T17:32:50] [DEBUG] + [PRED_MATRIX] Current prediction matrix is:
 [[0. 0. 0.]
 [0. 0. 0.]
 [0. 0. 0.]
 [0. 0. 0.]
 [0. 0. 0.]
 [0. 0. 0.]
 [0. 0. 0.]
 [0. 0. 0.]
 [0. 0. 0.]
 [0. 0. 0.]
 [0. 0. 0.]
 [0. 0. 0.]
 [0. 0. 0.]
 [0. 0. 0.]
 [0. 0. 0.]
 [0. 0. 0.]
 [0. 0. 0.]] [0m
[0;96m[2024-02-17T17:32:50] [DEBUG] + [PRED_MATRIX] 	par, transp: 1, 1 target tput: 141367 new_tput %: 0.0 tput diff %: -inf  [0m
[0;96m[2024-02-17T17:32:50] [DEBUG] + [PRED_MATRIX] 	par, transp: 1, 2 target tput: 141367 new_tput %: 0.0 tput diff %: -inf  [0m
[0;96m[2024-02-17T17:32:50] [DEBUG] + [PRED_MATRIX] 	par, transp: 2, 1 target tput: 141367 new_tput %: 0.0 tput diff %: -inf  [0m
[0;96m[2024-02-17T17:32:50] [DEBUG] + [PRED_MATRIX] 	par, transp: 2, 2 target tput: 141367 new_tput %: 0.0 tput diff %: -inf  [0m
/transscale/utils/prediction/PredictionMatrix.py:113: RuntimeWarning: divide by zero encountered in scalar divide
[0;96m[2024-02-17T17:32:50] [DEBUG] + [PRED_MATRIX] 	par, transp: 3, 1 target tput: 141367 new_tput %: 0.0 tput diff %: -inf  [0m
[0;96m[2024-02-17T17:32:50] [DEBUG] + [PRED_MATRIX] 	par, transp: 3, 2 target tput: 141367 new_tput %: 0.0 tput diff %: -inf  [0m
[0;96m[2024-02-17T17:32:50] [DEBUG] + [PRED_MATRIX] 	par, transp: 4, 1 target tput: 141367 new_tput %: 0.0 tput diff %: -inf  [0m
[0;96m[2024-02-17T17:32:50] [DEBUG] + [PRED_MATRIX] 	par, transp: 4, 2 target tput: 141367 new_tput %: 0.0 tput diff %: -inf  [0m
[0;96m[2024-02-17T17:32:50] [DEBUG] + [PRED_MATRIX] 	par, transp: 5, 1 target tput: 141367 new_tput %: 0.0 tput diff %: -inf  [0m
  throughput_diff_perc = 0 if throughput_diff == 0 else 100 * throughput_diff / new_mst
[0;96m[2024-02-17T17:32:50] [DEBUG] + [PRED_MATRIX] 	par, transp: 5, 2 target tput: 141367 new_tput %: 0.0 tput diff %: -inf  [0m
[0;96m[2024-02-17T17:32:50] [DEBUG] + [PRED_MATRIX] 	par, transp: 6, 1 target tput: 141367 new_tput %: 0.0 tput diff %: -inf  [0m
[0;96m[2024-02-17T17:32:50] [DEBUG] + [PRED_MATRIX] 	par, transp: 6, 2 target tput: 141367 new_tput %: 0.0 tput diff %: -inf  [0m
[0;96m[2024-02-17T17:32:50] [DEBUG] + [PRED_MATRIX] 	par, transp: 7, 1 target tput: 141367 new_tput %: 0.0 tput diff %: -inf  [0m
[0;96m[2024-02-17T17:32:50] [DEBUG] + [PRED_MATRIX] 	par, transp: 7, 2 target tput: 141367 new_tput %: 0.0 tput diff %: -inf  [0m
[0;96m[2024-02-17T17:32:50] [DEBUG] + [PRED_MATRIX] 	par, transp: 8, 1 target tput: 141367 new_tput %: 0.0 tput diff %: -inf  [0m
[0;96m[2024-02-17T17:32:50] [DEBUG] + [PRED_MATRIX] 	par, transp: 8, 2 target tput: 141367 new_tput %: 0.0 tput diff %: -inf  [0m
[0;96m[2024-02-17T17:32:50] [DEBUG] + [PRED_MATRIX] 	par, transp: 9, 1 target tput: 141367 new_tput %: 0.0 tput diff %: -inf  [0m
[0;96m[2024-02-17T17:32:50] [DEBUG] + [PRED_MATRIX] 	par, transp: 9, 2 target tput: 141367 new_tput %: 0.0 tput diff %: -inf  [0m
[0;96m[2024-02-17T17:32:50] [DEBUG] + [PRED_MATRIX] 	par, transp: 10, 1 target tput: 141367 new_tput %: 0.0 tput diff %: -inf  [0m
[0;96m[2024-02-17T17:32:50] [DEBUG] + [PRED_MATRIX] 	par, transp: 10, 2 target tput: 141367 new_tput %: 0.0 tput diff %: -inf  [0m
[0;96m[2024-02-17T17:32:50] [DEBUG] + [PRED_MATRIX] 	par, transp: 11, 1 target tput: 141367 new_tput %: 0.0 tput diff %: -inf  [0m
[0;96m[2024-02-17T17:32:50] [DEBUG] + [PRED_MATRIX] 	par, transp: 11, 2 target tput: 141367 new_tput %: 0.0 tput diff %: -inf  [0m
[0;96m[2024-02-17T17:32:50] [DEBUG] + [PRED_MATRIX] 	par, transp: 12, 1 target tput: 141367 new_tput %: 0.0 tput diff %: -inf  [0m
[0;96m[2024-02-17T17:32:50] [DEBUG] + [PRED_MATRIX] 	par, transp: 12, 2 target tput: 141367 new_tput %: 0.0 tput diff %: -inf  [0m
[0;96m[2024-02-17T17:32:50] [DEBUG] + [PRED_MATRIX] 	par, transp: 13, 1 target tput: 141367 new_tput %: 0.0 tput diff %: -inf  [0m
[0;96m[2024-02-17T17:32:50] [DEBUG] + [PRED_MATRIX] 	par, transp: 13, 2 target tput: 141367 new_tput %: 0.0 tput diff %: -inf  [0m
[0;96m[2024-02-17T17:32:50] [DEBUG] + [PRED_MATRIX] 	par, transp: 14, 1 target tput: 141367 new_tput %: 0.0 tput diff %: -inf  [0m
[0;96m[2024-02-17T17:32:50] [DEBUG] + [PRED_MATRIX] 	par, transp: 14, 2 target tput: 141367 new_tput %: 0.0 tput diff %: -inf  [0m
[0;96m[2024-02-17T17:32:50] [DEBUG] + [PRED_MATRIX] 	par, transp: 15, 1 target tput: 141367 new_tput %: 0.0 tput diff %: -inf  [0m
[0;96m[2024-02-17T17:32:50] [DEBUG] + [PRED_MATRIX] 	par, transp: 15, 2 target tput: 141367 new_tput %: 0.0 tput diff %: -inf  [0m
[0;96m[2024-02-17T17:32:50] [DEBUG] + [PRED_MATRIX] 	par, transp: 16, 1 target tput: 141367 new_tput %: 0.0 tput diff %: -inf  [0m
[0;96m[2024-02-17T17:32:50] [DEBUG] + [PRED_MATRIX] 	par, transp: 16, 2 target tput: 141367 new_tput %: 0.0 tput diff %: -inf  [0m
[0;96m[2024-02-17T17:32:50] [DEBUG] + [PRED_MATRIX] Scaling Possibilities: [] [0m
[0;93m[2024-02-17T17:32:50] [WARNING]Resources are already at max level for operator 31ec045e3401e87fc7879b43d8e8625d. Cannot scale-down.[0m
[0;93m[2024-02-17T17:32:50] [WARNING]Resources are already at max level for operator dca33db40b2f8f122636cd5297c0c511. Cannot scale-down.[0m
[0;93m[2024-02-17T17:32:50] [WARNING]Resources are already at max level for operator e926317ddf99720773e3c7f4f412c3d7. Cannot scale-down.[0m
[0;93m[2024-02-17T17:32:50] [WARNING]Resources are already at max level for operator 9c7327831b3b5b4ae2c580979f474a9c. Cannot scale-down.[0m
[0;93m[2024-02-17T17:32:50] [WARNING]TRANSSCALE:: Couldn't rescale
[0m
[0m[2024-02-17T17:33:50] 
TRANSSCALE:: Periodic Monitoring...
[0;96m[2024-02-17T17:33:50] [DEBUG] + 	Getting operator out throughput from url http://flink-jobmanager:8081/jobs/8f239d2bf28e994c9787a8bcbbe2f1cb/vertices/41a95396e613c9f62f1da16142d5ddd2/subtasks/metrics?get=numRecordsOutPerSecond [0m
[0;96m[2024-02-17T17:33:50] [DEBUG] + 	Getting operator in throughput from url http://flink-jobmanager:8081/jobs/8f239d2bf28e994c9787a8bcbbe2f1cb/vertices/41a95396e613c9f62f1da16142d5ddd2/subtasks/metrics?get=numRecordsInPerSecond [0m
[0;96m[2024-02-17T17:33:50] [DEBUG] + 	Getting operator (41a95396e613c9f62f1da16142d5ddd2) backpressure from url http://flink-jobmanager:8081/jobs/8f239d2bf28e994c9787a8bcbbe2f1cb/vertices/41a95396e613c9f62f1da16142d5ddd2/subtasks/metrics?get=backPressuredTimeMsPerSecond [0m
[0;96m[2024-02-17T17:33:50] [DEBUG] + 	Getting operator (41a95396e613c9f62f1da16142d5ddd2) busyness from url http://flink-jobmanager:8081/jobs/8f239d2bf28e994c9787a8bcbbe2f1cb/vertices/41a95396e613c9f62f1da16142d5ddd2/subtasks/metrics?get=busyTimeMsPerSecond [0m
[0;96m[2024-02-17T17:33:50] [DEBUG] + 	Getting operator out throughput from url http://flink-jobmanager:8081/jobs/8f239d2bf28e994c9787a8bcbbe2f1cb/vertices/32f0ffe0b6f0b990239bb81cec28b9d8/subtasks/metrics?get=numRecordsOutPerSecond [0m
[0;96m[2024-02-17T17:33:50] [DEBUG] + 	Getting operator in throughput from url http://flink-jobmanager:8081/jobs/8f239d2bf28e994c9787a8bcbbe2f1cb/vertices/32f0ffe0b6f0b990239bb81cec28b9d8/subtasks/metrics?get=numRecordsInPerSecond [0m
[0;96m[2024-02-17T17:33:50] [DEBUG] + 	Getting operator (32f0ffe0b6f0b990239bb81cec28b9d8) backpressure from url http://flink-jobmanager:8081/jobs/8f239d2bf28e994c9787a8bcbbe2f1cb/vertices/32f0ffe0b6f0b990239bb81cec28b9d8/subtasks/metrics?get=backPressuredTimeMsPerSecond [0m
[0;96m[2024-02-17T17:33:50] [DEBUG] + 	Getting operator (32f0ffe0b6f0b990239bb81cec28b9d8) busyness from url http://flink-jobmanager:8081/jobs/8f239d2bf28e994c9787a8bcbbe2f1cb/vertices/32f0ffe0b6f0b990239bb81cec28b9d8/subtasks/metrics?get=busyTimeMsPerSecond [0m
[0;96m[2024-02-17T17:33:50] [DEBUG] + 	Getting operator out throughput from url http://flink-jobmanager:8081/jobs/8f239d2bf28e994c9787a8bcbbe2f1cb/vertices/31ec045e3401e87fc7879b43d8e8625d/subtasks/metrics?get=numRecordsOutPerSecond [0m
[0;96m[2024-02-17T17:33:50] [DEBUG] + 	Getting operator in throughput from url http://flink-jobmanager:8081/jobs/8f239d2bf28e994c9787a8bcbbe2f1cb/vertices/31ec045e3401e87fc7879b43d8e8625d/subtasks/metrics?get=numRecordsInPerSecond [0m
[0;96m[2024-02-17T17:33:50] [DEBUG] + 	Getting operator (31ec045e3401e87fc7879b43d8e8625d) backpressure from url http://flink-jobmanager:8081/jobs/8f239d2bf28e994c9787a8bcbbe2f1cb/vertices/31ec045e3401e87fc7879b43d8e8625d/subtasks/metrics?get=backPressuredTimeMsPerSecond [0m
[0;96m[2024-02-17T17:33:50] [DEBUG] + 	Getting operator (31ec045e3401e87fc7879b43d8e8625d) busyness from url http://flink-jobmanager:8081/jobs/8f239d2bf28e994c9787a8bcbbe2f1cb/vertices/31ec045e3401e87fc7879b43d8e8625d/subtasks/metrics?get=busyTimeMsPerSecond [0m
[0;96m[2024-02-17T17:33:50] [DEBUG] + 	Getting operator out throughput from url http://flink-jobmanager:8081/jobs/8f239d2bf28e994c9787a8bcbbe2f1cb/vertices/dca33db40b2f8f122636cd5297c0c511/subtasks/metrics?get=numRecordsOutPerSecond [0m
[0;96m[2024-02-17T17:33:50] [DEBUG] + 	Getting operator in throughput from url http://flink-jobmanager:8081/jobs/8f239d2bf28e994c9787a8bcbbe2f1cb/vertices/dca33db40b2f8f122636cd5297c0c511/subtasks/metrics?get=numRecordsInPerSecond [0m
[0;96m[2024-02-17T17:33:50] [DEBUG] + 	Getting operator (dca33db40b2f8f122636cd5297c0c511) backpressure from url http://flink-jobmanager:8081/jobs/8f239d2bf28e994c9787a8bcbbe2f1cb/vertices/dca33db40b2f8f122636cd5297c0c511/subtasks/metrics?get=backPressuredTimeMsPerSecond [0m
[0;96m[2024-02-17T17:33:50] [DEBUG] + 	Getting operator (dca33db40b2f8f122636cd5297c0c511) busyness from url http://flink-jobmanager:8081/jobs/8f239d2bf28e994c9787a8bcbbe2f1cb/vertices/dca33db40b2f8f122636cd5297c0c511/subtasks/metrics?get=busyTimeMsPerSecond [0m
[0;96m[2024-02-17T17:33:50] [DEBUG] + 	Getting operator out throughput from url http://flink-jobmanager:8081/jobs/8f239d2bf28e994c9787a8bcbbe2f1cb/vertices/e926317ddf99720773e3c7f4f412c3d7/subtasks/metrics?get=numRecordsOutPerSecond [0m
[0;96m[2024-02-17T17:33:50] [DEBUG] + 	Getting operator in throughput from url http://flink-jobmanager:8081/jobs/8f239d2bf28e994c9787a8bcbbe2f1cb/vertices/e926317ddf99720773e3c7f4f412c3d7/subtasks/metrics?get=numRecordsInPerSecond [0m
[0;96m[2024-02-17T17:33:50] [DEBUG] + 	Getting operator (e926317ddf99720773e3c7f4f412c3d7) backpressure from url http://flink-jobmanager:8081/jobs/8f239d2bf28e994c9787a8bcbbe2f1cb/vertices/e926317ddf99720773e3c7f4f412c3d7/subtasks/metrics?get=backPressuredTimeMsPerSecond [0m
[0;96m[2024-02-17T17:33:50] [DEBUG] + 	Getting operator (e926317ddf99720773e3c7f4f412c3d7) busyness from url http://flink-jobmanager:8081/jobs/8f239d2bf28e994c9787a8bcbbe2f1cb/vertices/e926317ddf99720773e3c7f4f412c3d7/subtasks/metrics?get=busyTimeMsPerSecond [0m
[0;96m[2024-02-17T17:33:50] [DEBUG] + 	Getting operator out throughput from url http://flink-jobmanager:8081/jobs/8f239d2bf28e994c9787a8bcbbe2f1cb/vertices/9c7327831b3b5b4ae2c580979f474a9c/subtasks/metrics?get=numRecordsOutPerSecond [0m
[0;96m[2024-02-17T17:33:50] [DEBUG] + 	Getting operator in throughput from url http://flink-jobmanager:8081/jobs/8f239d2bf28e994c9787a8bcbbe2f1cb/vertices/9c7327831b3b5b4ae2c580979f474a9c/subtasks/metrics?get=numRecordsInPerSecond [0m
[0;96m[2024-02-17T17:33:50] [DEBUG] + 	Getting operator (9c7327831b3b5b4ae2c580979f474a9c) backpressure from url http://flink-jobmanager:8081/jobs/8f239d2bf28e994c9787a8bcbbe2f1cb/vertices/9c7327831b3b5b4ae2c580979f474a9c/subtasks/metrics?get=backPressuredTimeMsPerSecond [0m
[0;96m[2024-02-17T17:33:50] [DEBUG] + 	Getting operator (9c7327831b3b5b4ae2c580979f474a9c) busyness from url http://flink-jobmanager:8081/jobs/8f239d2bf28e994c9787a8bcbbe2f1cb/vertices/9c7327831b3b5b4ae2c580979f474a9c/subtasks/metrics?get=busyTimeMsPerSecond [0m
[0m[2024-02-17T17:33:50] [MONITOR]:: Runtime performance metrics:
[0m[2024-02-17T17:33:50] 	 Job Run Time: 6023220 ms

[0;93m[2024-02-17T17:33:50] [WARNING]Back Pressure Level low, preparing for scale down[0m
[0;93m[2024-02-17T17:33:50] [WARNING]Resources are already at max level for operator 41a95396e613c9f62f1da16142d5ddd2. Cannot scale-down.[0m
[0m[2024-02-17T17:33:50] [RES_MNGR] Average network latencies
[0m[2024-02-17T17:33:50] 
               parasilo-2     parasilo-20    parasilo-21    parasilo-22    parasilo-24    parasilo-25    parasilo-26    parasilo-27    parasilo-28    parasilo-3     parasilo-4     parasilo-5     parasilo-6     parasilo-7     parasilo-8     parasilo-9     
parasilo-2     4.225          26.782         29.153         31.734         7.936          5.123          23.586         21.801         5.588          12.593         29.443         30.203         29.378         27.125         30.874         30.143         
parasilo-20    26.782         0.416          46.762         45.077         27.664         23.596         51.147         52.067         24.925         29.249         45.886         48.63          50.543         46.366         47.303         59.358         
parasilo-21    29.153         46.762         1.475          47.545         29.485         27.925         57.065         49.144         28.89          35.677         46.738         47.76          51.201         46.871         52.859         63.845         
parasilo-22    31.734         45.077         47.545         0.958          31.258         29.696         53.281         50.559         30.019         34.116         47.676         47.799         49.978         48.573         49.53          57.718         
parasilo-24    7.936          27.664         29.485         31.258         4.842          6.498          22.478         20.767         6.777          8.999          27.874         29.568         30.042         25.784         30.437         30.734         
parasilo-25    5.123          23.596         27.925         29.696         6.498          0.02           20.625         20.062         2.765          10.892         27.351         28.502         28.758         25.217         30.795         28.84          
parasilo-26    23.586         51.147         57.065         53.281         22.478         20.625         37.013         44.974         21.615         26.72          52.218         55.8           55.112         49.402         59.734         56.679         
parasilo-27    21.801         52.067         49.144         50.559         20.767         20.062         44.974         33.111         20.126         26.511         50.386         51.211         56.21          52.699         54.469         54.773         
parasilo-28    5.588          24.925         28.89          30.019         6.777          2.765          21.615         20.126         1.338          11.86          28.112         29.101         30.705         26.463         30.928         29.542         
parasilo-3     12.593         29.249         35.677         34.116         8.999          10.892         26.72          26.511         11.86          11.703         33.294         31.824         30.374         31.552         34.494         32.956         
parasilo-4     29.443         45.886         46.738         47.676         27.874         27.351         52.218         50.386         28.112         33.294         1.053          48.267         50.704         46.525         47.128         64.271         
parasilo-5     30.203         48.63          47.76          47.799         29.568         28.502         55.8           51.211         29.101         31.824         48.267         0.717          49.472         48.531         50.623         66.724         
parasilo-6     29.378         50.543         51.201         49.978         30.042         28.758         55.112         56.21          30.705         30.374         50.704         49.472         0.736          47.175         51.236         61.052         
parasilo-7     27.125         46.366         46.871         48.573         25.784         25.217         49.402         52.699         26.463         31.552         46.525         48.531         47.175         0.134          45.053         63.591         
parasilo-8     30.874         47.303         52.859         49.53          30.437         30.795         59.734         54.469         30.928         34.494         47.128         50.623         51.236         45.053         1.611          63.624         
parasilo-9     30.143         59.358         63.845         57.718         30.734         28.84          56.679         54.773         29.542         32.956         64.271         66.724         61.052         63.591         63.624         53.595         

[0m[2024-02-17T17:33:50] [RES_MNGR] Shortest path nodes: ['parasilo-25', 'parasilo-28', 'parasilo-2', 'parasilo-24', 'parasilo-3', 'parasilo-27', 'parasilo-26', 'parasilo-20', 'parasilo-7', 'parasilo-4', 'parasilo-21', 'parasilo-5', 'parasilo-6', 'parasilo-9', 'parasilo-22', 'parasilo-8']
[0m[2024-02-17T17:33:50] [RES_MNGR] Observed delays: [0, 2.7649000000000004, 5.1229000000000005, 6.497800000000001, 10.8918, 20.062400000000004, 20.624600000000004, 23.596200000000003, 25.217, 27.351300000000002, 27.9252, 28.5024, 28.758400000000005, 28.839799999999997, 29.695600000000002, 30.794599999999996, 5.588000000000001]
[0m[2024-02-17T17:33:50] [RES_MNGR] NDmax: 66.7242
[0m[2024-02-17T17:33:50] [COMBO_CTRL] Reconf: Scale Down Window(TumblingEventTimeWindows(1000),_EventTimeTrigger,_TimeEvictor,_CoGroupWindowFunction)<br/>+-_Timestamps/Watermarks from par 5
[0;96m[2024-02-17T17:33:50] [DEBUG] + [PRED_MATRIX] Current prediction matrix is:
 [[0. 0. 0.]
 [0. 0. 0.]
 [0. 0. 0.]
 [0. 0. 0.]
 [0. 0. 0.]
 [0. 0. 0.]
 [0. 0. 0.]
 [0. 0. 0.]
 [0. 0. 0.]
 [0. 0. 0.]
 [0. 0. 0.]
 [0. 0. 0.]
 [0. 0. 0.]
 [0. 0. 0.]
 [0. 0. 0.]
 [0. 0. 0.]
 [0. 0. 0.]] [0m
[0;96m[2024-02-17T17:33:50] [DEBUG] + [PRED_MATRIX] 	par, transp: 1, 1 target tput: 134300 new_tput %: 0.0 tput diff %: -inf  [0m
[0;96m[2024-02-17T17:33:50] [DEBUG] + [PRED_MATRIX] 	par, transp: 1, 2 target tput: 134300 new_tput %: 0.0 tput diff %: -inf  [0m
[0;96m[2024-02-17T17:33:50] [DEBUG] + [PRED_MATRIX] 	par, transp: 2, 1 target tput: 134300 new_tput %: 0.0 tput diff %: -inf  [0m
[0;96m[2024-02-17T17:33:50] [DEBUG] + [PRED_MATRIX] 	par, transp: 2, 2 target tput: 134300 new_tput %: 0.0 tput diff %: -inf  [0m
[0;96m[2024-02-17T17:33:50] [DEBUG] + [PRED_MATRIX] 	par, transp: 3, 1 target tput: 134300 new_tput %: 0.0 tput diff %: -inf  [0m
[0;96m[2024-02-17T17:33:50] [DEBUG] + [PRED_MATRIX] 	par, transp: 3, 2 target tput: 134300 new_tput %: 0.0 tput diff %: -inf  [0m
[0;96m[2024-02-17T17:33:50] [DEBUG] + [PRED_MATRIX] 	par, transp: 4, 1 target tput: 134300 new_tput %: 0.0 tput diff %: -inf  [0m
[0;96m[2024-02-17T17:33:50] [DEBUG] + [PRED_MATRIX] 	par, transp: 4, 2 target tput: 134300 new_tput %: 0.0 tput diff %: -inf  [0m
[0;96m[2024-02-17T17:33:50] [DEBUG] + [PRED_MATRIX] 	par, transp: 5, 1 target tput: 134300 new_tput %: 0.0 tput diff %: -inf  [0m
[0;96m[2024-02-17T17:33:50] [DEBUG] + [PRED_MATRIX] 	par, transp: 5, 2 target tput: 134300 new_tput %: 0.0 tput diff %: -inf  [0m
[0;96m[2024-02-17T17:33:50] [DEBUG] + [PRED_MATRIX] 	par, transp: 6, 1 target tput: 134300 new_tput %: 0.0 tput diff %: -inf  [0m
[0;96m[2024-02-17T17:33:50] [DEBUG] + [PRED_MATRIX] 	par, transp: 6, 2 target tput: 134300 new_tput %: 0.0 tput diff %: -inf  [0m
[0;96m[2024-02-17T17:33:50] [DEBUG] + [PRED_MATRIX] 	par, transp: 7, 1 target tput: 134300 new_tput %: 0.0 tput diff %: -inf  [0m
[0;96m[2024-02-17T17:33:50] [DEBUG] + [PRED_MATRIX] 	par, transp: 7, 2 target tput: 134300 new_tput %: 0.0 tput diff %: -inf  [0m
[0;96m[2024-02-17T17:33:50] [DEBUG] + [PRED_MATRIX] 	par, transp: 8, 1 target tput: 134300 new_tput %: 0.0 tput diff %: -inf  [0m
[0;96m[2024-02-17T17:33:50] [DEBUG] + [PRED_MATRIX] 	par, transp: 8, 2 target tput: 134300 new_tput %: 0.0 tput diff %: -inf  [0m
[0;96m[2024-02-17T17:33:50] [DEBUG] + [PRED_MATRIX] 	par, transp: 9, 1 target tput: 134300 new_tput %: 0.0 tput diff %: -inf  [0m
[0;96m[2024-02-17T17:33:50] [DEBUG] + [PRED_MATRIX] 	par, transp: 9, 2 target tput: 134300 new_tput %: 0.0 tput diff %: -inf  [0m
[0;96m[2024-02-17T17:33:50] [DEBUG] + [PRED_MATRIX] 	par, transp: 10, 1 target tput: 134300 new_tput %: 0.0 tput diff %: -inf  [0m
[0;96m[2024-02-17T17:33:50] [DEBUG] + [PRED_MATRIX] 	par, transp: 10, 2 target tput: 134300 new_tput %: 0.0 tput diff %: -inf  [0m
[0;96m[2024-02-17T17:33:50] [DEBUG] + [PRED_MATRIX] 	par, transp: 11, 1 target tput: 134300 new_tput %: 0.0 tput diff %: -inf  [0m
[0;96m[2024-02-17T17:33:50] [DEBUG] + [PRED_MATRIX] 	par, transp: 11, 2 target tput: 134300 new_tput %: 0.0 tput diff %: -inf  [0m
[0;96m[2024-02-17T17:33:50] [DEBUG] + [PRED_MATRIX] 	par, transp: 12, 1 target tput: 134300 new_tput %: 0.0 tput diff %: -inf  [0m
[0;96m[2024-02-17T17:33:50] [DEBUG] + [PRED_MATRIX] 	par, transp: 12, 2 target tput: 134300 new_tput %: 0.0 tput diff %: -inf  [0m
[0;96m[2024-02-17T17:33:50] [DEBUG] + [PRED_MATRIX] 	par, transp: 13, 1 target tput: 134300 new_tput %: 0.0 tput diff %: -inf  [0m
[0;96m[2024-02-17T17:33:50] [DEBUG] + [PRED_MATRIX] 	par, transp: 13, 2 target tput: 134300 new_tput %: 0.0 tput diff %: -inf  [0m
[0;96m[2024-02-17T17:33:50] [DEBUG] + [PRED_MATRIX] 	par, transp: 14, 1 target tput: 134300 new_tput %: 0.0 tput diff %: -inf  [0m
[0;96m[2024-02-17T17:33:50] [DEBUG] + [PRED_MATRIX] 	par, transp: 14, 2 target tput: 134300 new_tput %: 0.0 tput diff %: -inf  [0m
[0;96m[2024-02-17T17:33:50] [DEBUG] + [PRED_MATRIX] 	par, transp: 15, 1 target tput: 134300 new_tput %: 0.0 tput diff %: -inf  [0m
[0;96m[2024-02-17T17:33:50] [DEBUG] + [PRED_MATRIX] 	par, transp: 15, 2 target tput: 134300 new_tput %: 0.0 tput diff %: -inf  [0m
[0;96m[2024-02-17T17:33:50] [DEBUG] + [PRED_MATRIX] 	par, transp: 16, 1 target tput: 134300 new_tput %: 0.0 tput diff %: -inf  [0m
[0;96m[2024-02-17T17:33:50] [DEBUG] + [PRED_MATRIX] 	par, transp: 16, 2 target tput: 134300 new_tput %: 0.0 tput diff %: -inf  [0m
[0;96m[2024-02-17T17:33:50] [DEBUG] + [PRED_MATRIX] Scaling Possibilities: [] [0m
[0;93m[2024-02-17T17:33:50] [WARNING]Resources are already at max level for operator 31ec045e3401e87fc7879b43d8e8625d. Cannot scale-down.[0m
[0;93m[2024-02-17T17:33:50] [WARNING]Resources are already at max level for operator dca33db40b2f8f122636cd5297c0c511. Cannot scale-down.[0m
[0;93m[2024-02-17T17:33:50] [WARNING]Resources are already at max level for operator e926317ddf99720773e3c7f4f412c3d7. Cannot scale-down.[0m
[0;93m[2024-02-17T17:33:50] [WARNING]Resources are already at max level for operator 9c7327831b3b5b4ae2c580979f474a9c. Cannot scale-down.[0m
[0;93m[2024-02-17T17:33:50] [WARNING]TRANSSCALE:: Couldn't rescale
[0m
[0m[2024-02-17T17:33:50] TRANSSCALE:: Max tries achieved: closing auto-scaler
