[0m[2024-02-06T23:43:29] TRANSSCALE:: Starting auto-scaler...

[0m[2024-02-06T23:43:29] [LOGGER] New debug level: 1
[0m[2024-02-06T23:43:29] Starting RTT matrix update thread
[0;96m[2024-02-06T23:43:30] [DEBUG] + [RECONF_MNGR] Selected strategy is transscale.strategies.ParallelismOnly [0m
[0;96m[2024-02-06T23:43:30] [DEBUG] + [RECONF_MNGR] Strategy imported [0m
[0;96m[2024-02-06T23:43:30] [DEBUG] +  [0m[0m[2024-02-06T23:43:30] [RECONF_STRAT] Using PARALLELISM ONLY strategy
[0m[2024-02-06T23:43:30] [MONITOR]: Retrieving job details from flink-jobmanager:8081 ...
[0m[2024-02-06T23:43:30] [MONITOR]:: Details about the job:
[0m[2024-02-06T23:43:30] 	 Job ID: b35fe03b89696b27d255ab46c5e0209f
[0m[2024-02-06T23:43:30] 	 Operators: 3
[0m[2024-02-06T23:43:30] 
*******************************************************
[0m[2024-02-06T23:43:30] Warming up for 140 seconds
[0m[2024-02-06T23:45:50] [MONITOR]: Retrieving job details from flink-jobmanager:8081 ...
[0m[2024-02-06T23:45:50] [MONITOR]:: Details about the job:
[0m[2024-02-06T23:45:50] 	 Job ID: b35fe03b89696b27d255ab46c5e0209f
[0m[2024-02-06T23:45:50] 	 Operators: 3
[0m[2024-02-06T23:45:50] TRANSSCALE:: Monitoring the throughput and back pressure every 60 seconds...
[0m[2024-02-06T23:46:50] 
TRANSSCALE:: Periodic Monitoring...
[0;96m[2024-02-06T23:46:50] [DEBUG] + 	Getting operator out throughput from url http://flink-jobmanager:8081/jobs/b35fe03b89696b27d255ab46c5e0209f/vertices/fdaaed869c7e767a4ba54f74c039d468/subtasks/metrics?get=numRecordsOutPerSecond [0m
[0;96m[2024-02-06T23:46:50] [DEBUG] + 	Getting operator in throughput from url http://flink-jobmanager:8081/jobs/b35fe03b89696b27d255ab46c5e0209f/vertices/fdaaed869c7e767a4ba54f74c039d468/subtasks/metrics?get=numRecordsInPerSecond [0m
[0;96m[2024-02-06T23:46:50] [DEBUG] + 	Getting operator (fdaaed869c7e767a4ba54f74c039d468) backpressure from url http://flink-jobmanager:8081/jobs/b35fe03b89696b27d255ab46c5e0209f/vertices/fdaaed869c7e767a4ba54f74c039d468/subtasks/metrics?get=backPressuredTimeMsPerSecond [0m
[0;96m[2024-02-06T23:46:50] [DEBUG] + 	Getting operator (fdaaed869c7e767a4ba54f74c039d468) busyness from url http://flink-jobmanager:8081/jobs/b35fe03b89696b27d255ab46c5e0209f/vertices/fdaaed869c7e767a4ba54f74c039d468/subtasks/metrics?get=busyTimeMsPerSecond [0m
[0;96m[2024-02-06T23:46:50] [DEBUG] + 	Getting operator out throughput from url http://flink-jobmanager:8081/jobs/b35fe03b89696b27d255ab46c5e0209f/vertices/e295af84ff117ecba66421e4f1dcca43/subtasks/metrics?get=numRecordsOutPerSecond [0m
[0;96m[2024-02-06T23:46:50] [DEBUG] + 	Getting operator in throughput from url http://flink-jobmanager:8081/jobs/b35fe03b89696b27d255ab46c5e0209f/vertices/e295af84ff117ecba66421e4f1dcca43/subtasks/metrics?get=numRecordsInPerSecond [0m
[0;96m[2024-02-06T23:46:50] [DEBUG] + 	Getting operator (e295af84ff117ecba66421e4f1dcca43) backpressure from url http://flink-jobmanager:8081/jobs/b35fe03b89696b27d255ab46c5e0209f/vertices/e295af84ff117ecba66421e4f1dcca43/subtasks/metrics?get=backPressuredTimeMsPerSecond [0m
[0;96m[2024-02-06T23:46:50] [DEBUG] + 	Getting operator (e295af84ff117ecba66421e4f1dcca43) busyness from url http://flink-jobmanager:8081/jobs/b35fe03b89696b27d255ab46c5e0209f/vertices/e295af84ff117ecba66421e4f1dcca43/subtasks/metrics?get=busyTimeMsPerSecond [0m
[0;96m[2024-02-06T23:46:50] [DEBUG] + 	Getting operator out throughput from url http://flink-jobmanager:8081/jobs/b35fe03b89696b27d255ab46c5e0209f/vertices/dca33db40b2f8f122636cd5297c0c511/subtasks/metrics?get=numRecordsOutPerSecond [0m
[0;96m[2024-02-06T23:46:50] [DEBUG] + 	Getting operator in throughput from url http://flink-jobmanager:8081/jobs/b35fe03b89696b27d255ab46c5e0209f/vertices/dca33db40b2f8f122636cd5297c0c511/subtasks/metrics?get=numRecordsInPerSecond [0m
[0;96m[2024-02-06T23:46:50] [DEBUG] + 	Getting operator (dca33db40b2f8f122636cd5297c0c511) backpressure from url http://flink-jobmanager:8081/jobs/b35fe03b89696b27d255ab46c5e0209f/vertices/dca33db40b2f8f122636cd5297c0c511/subtasks/metrics?get=backPressuredTimeMsPerSecond [0m
[0;96m[2024-02-06T23:46:50] [DEBUG] + 	Getting operator (dca33db40b2f8f122636cd5297c0c511) busyness from url http://flink-jobmanager:8081/jobs/b35fe03b89696b27d255ab46c5e0209f/vertices/dca33db40b2f8f122636cd5297c0c511/subtasks/metrics?get=busyTimeMsPerSecond [0m
[0m[2024-02-06T23:46:50] [MONITOR]:: Runtime performance metrics:
[0m[2024-02-06T23:46:50] 	 Job Run Time: 216633 ms

[0;93m[2024-02-06T23:46:50] [WARNING]Back Pressure Level of some operator is HIGH[0m
[0;93m[2024-02-06T23:46:50] [WARNING]Bottleneck detected: e295af84ff117ecba66421e4f1dcca43[0m
[0m[2024-02-06T23:46:50] Waiting to check again the backpressure after 60 seconds...
[0;96m[2024-02-06T23:47:50] [DEBUG] + 	Getting operator out throughput from url http://flink-jobmanager:8081/jobs/b35fe03b89696b27d255ab46c5e0209f/vertices/fdaaed869c7e767a4ba54f74c039d468/subtasks/metrics?get=numRecordsOutPerSecond [0m
[0;96m[2024-02-06T23:47:50] [DEBUG] + 	Getting operator in throughput from url http://flink-jobmanager:8081/jobs/b35fe03b89696b27d255ab46c5e0209f/vertices/fdaaed869c7e767a4ba54f74c039d468/subtasks/metrics?get=numRecordsInPerSecond [0m
[0;96m[2024-02-06T23:47:50] [DEBUG] + 	Getting operator (fdaaed869c7e767a4ba54f74c039d468) backpressure from url http://flink-jobmanager:8081/jobs/b35fe03b89696b27d255ab46c5e0209f/vertices/fdaaed869c7e767a4ba54f74c039d468/subtasks/metrics?get=backPressuredTimeMsPerSecond [0m
[0;96m[2024-02-06T23:47:50] [DEBUG] + 	Getting operator (fdaaed869c7e767a4ba54f74c039d468) busyness from url http://flink-jobmanager:8081/jobs/b35fe03b89696b27d255ab46c5e0209f/vertices/fdaaed869c7e767a4ba54f74c039d468/subtasks/metrics?get=busyTimeMsPerSecond [0m
[0;96m[2024-02-06T23:47:50] [DEBUG] + 	Getting operator out throughput from url http://flink-jobmanager:8081/jobs/b35fe03b89696b27d255ab46c5e0209f/vertices/e295af84ff117ecba66421e4f1dcca43/subtasks/metrics?get=numRecordsOutPerSecond [0m
[0;96m[2024-02-06T23:47:50] [DEBUG] + 	Getting operator in throughput from url http://flink-jobmanager:8081/jobs/b35fe03b89696b27d255ab46c5e0209f/vertices/e295af84ff117ecba66421e4f1dcca43/subtasks/metrics?get=numRecordsInPerSecond [0m
[0;96m[2024-02-06T23:47:50] [DEBUG] + 	Getting operator (e295af84ff117ecba66421e4f1dcca43) backpressure from url http://flink-jobmanager:8081/jobs/b35fe03b89696b27d255ab46c5e0209f/vertices/e295af84ff117ecba66421e4f1dcca43/subtasks/metrics?get=backPressuredTimeMsPerSecond [0m
[0;96m[2024-02-06T23:47:50] [DEBUG] + 	Getting operator (e295af84ff117ecba66421e4f1dcca43) busyness from url http://flink-jobmanager:8081/jobs/b35fe03b89696b27d255ab46c5e0209f/vertices/e295af84ff117ecba66421e4f1dcca43/subtasks/metrics?get=busyTimeMsPerSecond [0m
[0;96m[2024-02-06T23:47:50] [DEBUG] + 	Getting operator out throughput from url http://flink-jobmanager:8081/jobs/b35fe03b89696b27d255ab46c5e0209f/vertices/dca33db40b2f8f122636cd5297c0c511/subtasks/metrics?get=numRecordsOutPerSecond [0m
[0;96m[2024-02-06T23:47:50] [DEBUG] + 	Getting operator in throughput from url http://flink-jobmanager:8081/jobs/b35fe03b89696b27d255ab46c5e0209f/vertices/dca33db40b2f8f122636cd5297c0c511/subtasks/metrics?get=numRecordsInPerSecond [0m
[0;96m[2024-02-06T23:47:50] [DEBUG] + 	Getting operator (dca33db40b2f8f122636cd5297c0c511) backpressure from url http://flink-jobmanager:8081/jobs/b35fe03b89696b27d255ab46c5e0209f/vertices/dca33db40b2f8f122636cd5297c0c511/subtasks/metrics?get=backPressuredTimeMsPerSecond [0m
[0;96m[2024-02-06T23:47:50] [DEBUG] + 	Getting operator (dca33db40b2f8f122636cd5297c0c511) busyness from url http://flink-jobmanager:8081/jobs/b35fe03b89696b27d255ab46c5e0209f/vertices/dca33db40b2f8f122636cd5297c0c511/subtasks/metrics?get=busyTimeMsPerSecond [0m
[0m[2024-02-06T23:47:50] Checking if bottleneck changed...
[0;93m[2024-02-06T23:47:50] [WARNING]Bottleneck is still e295af84ff117ecba66421e4f1dcca43[0m
[0;96m[2024-02-06T23:47:50] [DEBUG] + 	Getting operator out throughput from url http://flink-jobmanager:8081/jobs/b35fe03b89696b27d255ab46c5e0209f/vertices/fdaaed869c7e767a4ba54f74c039d468/subtasks/metrics?get=numRecordsOutPerSecond [0m
[0;96m[2024-02-06T23:47:50] [DEBUG] + 	Getting operator in throughput from url http://flink-jobmanager:8081/jobs/b35fe03b89696b27d255ab46c5e0209f/vertices/fdaaed869c7e767a4ba54f74c039d468/subtasks/metrics?get=numRecordsInPerSecond [0m
[0;96m[2024-02-06T23:47:50] [DEBUG] + 	Getting operator (fdaaed869c7e767a4ba54f74c039d468) backpressure from url http://flink-jobmanager:8081/jobs/b35fe03b89696b27d255ab46c5e0209f/vertices/fdaaed869c7e767a4ba54f74c039d468/subtasks/metrics?get=backPressuredTimeMsPerSecond [0m
[0;96m[2024-02-06T23:47:50] [DEBUG] + 	Getting operator (fdaaed869c7e767a4ba54f74c039d468) busyness from url http://flink-jobmanager:8081/jobs/b35fe03b89696b27d255ab46c5e0209f/vertices/fdaaed869c7e767a4ba54f74c039d468/subtasks/metrics?get=busyTimeMsPerSecond [0m
[0;96m[2024-02-06T23:47:50] [DEBUG] + 	Getting operator out throughput from url http://flink-jobmanager:8081/jobs/b35fe03b89696b27d255ab46c5e0209f/vertices/e295af84ff117ecba66421e4f1dcca43/subtasks/metrics?get=numRecordsOutPerSecond [0m
[0;96m[2024-02-06T23:47:50] [DEBUG] + 	Getting operator in throughput from url http://flink-jobmanager:8081/jobs/b35fe03b89696b27d255ab46c5e0209f/vertices/e295af84ff117ecba66421e4f1dcca43/subtasks/metrics?get=numRecordsInPerSecond [0m
[0;96m[2024-02-06T23:47:50] [DEBUG] + 	Getting operator (e295af84ff117ecba66421e4f1dcca43) backpressure from url http://flink-jobmanager:8081/jobs/b35fe03b89696b27d255ab46c5e0209f/vertices/e295af84ff117ecba66421e4f1dcca43/subtasks/metrics?get=backPressuredTimeMsPerSecond [0m
[0;96m[2024-02-06T23:47:50] [DEBUG] + 	Getting operator (e295af84ff117ecba66421e4f1dcca43) busyness from url http://flink-jobmanager:8081/jobs/b35fe03b89696b27d255ab46c5e0209f/vertices/e295af84ff117ecba66421e4f1dcca43/subtasks/metrics?get=busyTimeMsPerSecond [0m
[0;96m[2024-02-06T23:47:50] [DEBUG] + 	Getting operator out throughput from url http://flink-jobmanager:8081/jobs/b35fe03b89696b27d255ab46c5e0209f/vertices/dca33db40b2f8f122636cd5297c0c511/subtasks/metrics?get=numRecordsOutPerSecond [0m
[0;96m[2024-02-06T23:47:50] [DEBUG] + 	Getting operator in throughput from url http://flink-jobmanager:8081/jobs/b35fe03b89696b27d255ab46c5e0209f/vertices/dca33db40b2f8f122636cd5297c0c511/subtasks/metrics?get=numRecordsInPerSecond [0m
[0;96m[2024-02-06T23:47:50] [DEBUG] + 	Getting operator (dca33db40b2f8f122636cd5297c0c511) backpressure from url http://flink-jobmanager:8081/jobs/b35fe03b89696b27d255ab46c5e0209f/vertices/dca33db40b2f8f122636cd5297c0c511/subtasks/metrics?get=backPressuredTimeMsPerSecond [0m
[0;96m[2024-02-06T23:47:50] [DEBUG] + 	Getting operator (dca33db40b2f8f122636cd5297c0c511) busyness from url http://flink-jobmanager:8081/jobs/b35fe03b89696b27d255ab46c5e0209f/vertices/dca33db40b2f8f122636cd5297c0c511/subtasks/metrics?get=busyTimeMsPerSecond [0m
[0m[2024-02-06T23:47:50] [MONITOR]:: Runtime performance metrics:
[0m[2024-02-06T23:47:50] 	 Job Run Time: 276733 ms
[0m[2024-02-06T23:47:50] Backpressure is still high and the system needs a reconfiguration...
[0m[2024-02-06T23:47:50] [RES_MNGR] Average network latencies
[0m[2024-02-06T23:47:50] 
               parasilo-2     parasilo-20    parasilo-21    parasilo-22    parasilo-23    parasilo-24    parasilo-25    parasilo-26    parasilo-27    parasilo-28    parasilo-3     parasilo-4     parasilo-5     parasilo-6     parasilo-7     parasilo-9     
parasilo-2     0.022          0.635          0.637          0.493          0.562          0.66           0.828          0.605          0.636          0.857          0.554          0.621          0.687          1.056          0.774          0.609          
parasilo-20    0.635          0.02           0.71           0.661          0.572          0.525          0.718          0.713          0.668          0.915          0.642          0.628          0.706          0.544          0.737          0.715          
parasilo-21    0.637          0.71           0.021          0.536          0.616          0.586          0.805          0.664          0.621          0.942          1.134          0.598          0.594          0.647          0.838          0.599          
parasilo-22    0.493          0.661          0.536          0.023          0.799          0.672          0.749          0.717          0.745          0.905          0.559          0.458          0.834          0.542          0.762          0.562          
parasilo-23    0.562          0.572          0.616          0.799          0.028          0.986          0.716          0.585          0.683          0.88           0.697          0.55           0.642          0.576          0.759          0.396          
parasilo-24    0.66           0.525          0.586          0.672          0.986          0.021          0.8            0.509          0.612          0.88           0.662          0.964          0.537          0.6            0.827          0.518          
parasilo-25    0.828          0.718          0.805          0.749          0.716          0.8            0.368          0.719          0.764          0.66           0.746          0.697          0.741          0.624          0.523          0.732          
parasilo-26    0.605          0.713          0.664          0.717          0.585          0.509          0.719          0.036          0.538          0.809          0.584          0.595          0.808          0.452          0.806          0.754          
parasilo-27    0.636          0.668          0.621          0.745          0.683          0.612          0.764          0.538          0.022          0.888          0.569          0.525          0.622          0.624          0.812          0.556          
parasilo-28    0.857          0.915          0.942          0.905          0.88           0.88           0.66           0.809          0.888          0.641          0.865          0.89           0.865          0.873          0.681          0.852          
parasilo-3     0.554          0.642          1.134          0.559          0.697          0.662          0.746          0.584          0.569          0.865          0.024          0.605          0.625          0.577          0.774          0.52           
parasilo-4     0.621          0.628          0.598          0.458          0.55           0.964          0.697          0.595          0.525          0.89           0.605          0.021          0.494          0.54           0.749          0.93           
parasilo-5     0.687          0.706          0.594          0.834          0.642          0.537          0.741          0.808          0.622          0.865          0.625          0.494          0.02           0.651          0.763          0.572          
parasilo-6     1.056          0.544          0.647          0.542          0.576          0.6            0.624          0.452          0.624          0.873          0.577          0.54           0.651          0.022          0.757          0.512          
parasilo-7     0.774          0.737          0.838          0.762          0.759          0.827          0.523          0.806          0.812          0.681          0.774          0.749          0.763          0.757          0.444          0.753          
parasilo-9     0.609          0.715          0.599          0.562          0.396          0.518          0.732          0.754          0.556          0.852          0.52           0.93           0.572          0.512          0.753          0.022          

[0m[2024-02-06T23:47:50] [RES_MNGR] Shortest path nodes: ['parasilo-6', 'parasilo-26', 'parasilo-9', 'parasilo-4', 'parasilo-22', 'parasilo-20', 'parasilo-23', 'parasilo-3', 'parasilo-24', 'parasilo-27', 'parasilo-25', 'parasilo-21', 'parasilo-5', 'parasilo-7', 'parasilo-28', 'parasilo-2']
[0m[2024-02-06T23:47:50] [RES_MNGR] Observed delays: [0, 0.45220000000000005, 0.5119, 0.5401, 0.5415000000000001, 0.5438, 0.5765, 0.5772999999999999, 0.5995, 0.6239000000000001, 0.6244000000000001, 0.6472, 0.6505000000000001, 0.7572, 0.8734000000000002, 1.0561, 0.7541]
[0m[2024-02-06T23:47:50] [RES_MNGR] NDmax: 1.1341999999999999
/transscale/utils/prediction/models/ParallelismModel.py:39: OptimizeWarning: Covariance of the parameters could not be estimated
  popt, _ = curve_fit(lambda x, alpha, gamma: alpha * x[0] - gamma * x[1],
[0m[2024-02-06T23:47:50] [COMBO_CTRL] Reconf: Scale Up Map from par 1
[0;96m[2024-02-06T23:47:50] [DEBUG] + [PRED_MATRIX] Current prediction matrix is:
 [[     0.      0.      0.]
 [     0.  22526.  45052.]
 [     0.  45052.  90104.]
 [     0.  67578. 135156.]
 [     0.  90104. 180208.]
 [     0. 112630. 225260.]
 [     0. 135156. 270312.]
 [     0. 157682. 315364.]
 [     0. 180208. 360416.]
 [     0. 202734. 405468.]
 [     0. 225260. 450520.]
 [     0. 247786. 495572.]
 [     0. 270312. 540624.]
 [     0. 292838. 585676.]
 [     0. 315364. 630728.]
 [     0. 337890. 675780.]
 [     0. 360416. 720832.]] [0m
[0;96m[2024-02-06T23:47:50] [DEBUG] + [PRED_MATRIX] 	par, transp: 1, 1 target tput: 22526 new_tput %: 22526.0 tput diff %: 0  [0m
[0;96m[2024-02-06T23:47:50] [DEBUG] + [PRED_MATRIX] 	par, transp: 1, 2 target tput: 22526 new_tput %: 45052.0 tput diff %: 50.0 ADDED [0m
[0;96m[2024-02-06T23:47:50] [DEBUG] + [PRED_MATRIX] 	par, transp: 2, 1 target tput: 22526 new_tput %: 45052.0 tput diff %: 50.0 ADDED [0m
[0;96m[2024-02-06T23:47:50] [DEBUG] + [PRED_MATRIX] Scaling Possibilities: [(1, 2), (2, 1)] [0m

[0;96m[2024-02-06T23:47:50] [DEBUG] + 	Getting overview info from url http://flink-jobmanager:8081/overview [0m
[0m[2024-02-06T23:47:50] 
*******************************************************
[0m[2024-02-06T23:47:50] [RES_MNGR] Re-configuring PARALLELISM
[0m[2024-02-06T23:47:50] 	Current Parallelism: 1
[0m[2024-02-06T23:47:50] 	Target Parallelism: 2
[0m[2024-02-06T23:47:50] [RES_MNGR] Stopping Flink for re-configuration...
[0m[2024-02-06T23:47:53] Running command ['/bin/sh', '-c', 'flink stop b35fe03b89696b27d255ab46c5e0209f'] on pod flink-jobmanager-77455795-d9k67
[0m[2024-02-06T23:48:16] [RES_MNGR] Re-scaling number of task managers...
[0;96m[2024-02-06T23:48:16] [DEBUG] + 	Getting overview info from url http://flink-jobmanager:8081/overview [0m
[0m[2024-02-06T23:48:16] [RES_MNGR] Average network latencies
[0m[2024-02-06T23:48:16] 
               parasilo-2     parasilo-20    parasilo-21    parasilo-22    parasilo-23    parasilo-24    parasilo-25    parasilo-26    parasilo-27    parasilo-28    parasilo-3     parasilo-4     parasilo-5     parasilo-6     parasilo-7     parasilo-9     
parasilo-2     0.022          0.625          0.576          0.468          0.523          0.543          0.824          0.555          0.6            0.853          0.556          0.609          0.674          0.988          0.79           0.599          
parasilo-20    0.625          0.021          0.699          0.69           0.588          0.477          0.853          0.732          0.714          0.973          0.699          0.66           0.727          0.558          0.857          0.783          
parasilo-21    0.576          0.699          0.023          0.499          0.568          0.467          0.792          0.617          0.592          0.94           1.131          0.616          0.578          0.559          0.863          0.56           
parasilo-22    0.468          0.69           0.499          0.02           0.803          0.59           0.827          0.703          0.76           0.909          0.585          0.493          0.846          0.519          0.842          0.585          
parasilo-23    0.523          0.588          0.568          0.803          0.02           0.879          0.782          0.544          0.68           0.952          0.71           0.552          0.643          0.537          0.816          0.411          
parasilo-24    0.543          0.477          0.467          0.59           0.879          0.02           0.813          0.429          0.576          0.82           0.637          0.903          0.476          0.507          0.795          0.482          
parasilo-25    0.824          0.853          0.792          0.827          0.782          0.813          0.567          0.86           0.908          0.834          0.945          0.844          0.848          0.77           0.687          0.836          
parasilo-26    0.555          0.732          0.617          0.703          0.544          0.429          0.86           0.02           0.535          0.845          0.616          0.58           0.806          0.408          0.834          0.778          
parasilo-27    0.6            0.714          0.592          0.76           0.68           0.576          0.908          0.535          0.023          0.925          0.622          0.536          0.659          0.605          0.904          0.618          
parasilo-28    0.853          0.973          0.94           0.909          0.952          0.82           0.834          0.845          0.925          0.74           0.957          0.968          0.988          0.893          0.778          0.944          
parasilo-3     0.556          0.699          1.131          0.585          0.71           0.637          0.945          0.616          0.622          0.957          0.023          0.641          0.656          0.595          0.886          0.573          
parasilo-4     0.609          0.66           0.616          0.493          0.552          0.903          0.844          0.58           0.536          0.968          0.641          0.02           0.533          0.524          0.851          0.992          
parasilo-5     0.674          0.727          0.578          0.846          0.643          0.476          0.848          0.806          0.659          0.988          0.656          0.533          0.021          0.623          0.853          0.602          
parasilo-6     0.988          0.558          0.559          0.519          0.537          0.507          0.77           0.408          0.605          0.893          0.595          0.524          0.623          0.023          0.808          0.52           
parasilo-7     0.79           0.857          0.863          0.842          0.816          0.795          0.687          0.834          0.904          0.778          0.886          0.851          0.853          0.808          0.585          0.865          
parasilo-9     0.599          0.783          0.56           0.585          0.411          0.482          0.836          0.778          0.618          0.944          0.573          0.992          0.602          0.52           0.865          0.03           

[0m[2024-02-06T23:48:16] [RES_MNGR] Shortest path nodes: ['parasilo-6', 'parasilo-26']
[0m[2024-02-06T23:48:16] [RES_MNGR] Observed delays: [0, 0.40750000000000003]
[0m[2024-02-06T23:48:16] [RES_MNGR] NDmax: 0.9884000000000001
[0;96m[2024-02-06T23:48:17] [DEBUG] + 	 Running taskmanager reset: target_par 0  [0m
[0m[2024-02-06T23:48:17] Deployment flink-taskmanager scaled to 0 replica.
[0;96m[2024-02-06T23:48:20] [DEBUG] + 	 Running taskmanager rescale: target_par 2  [0m
[0m[2024-02-06T23:48:20] Deployment flink-taskmanager scaled to 2 replica.
[0;96m[2024-02-06T23:48:25] [DEBUG] + 	Getting overview info from url http://flink-jobmanager:8081/overview [0m
[0;96m[2024-02-06T23:48:25] [DEBUG] + 	Current Taskmanagers: 0 [0m
[0;96m[2024-02-06T23:48:25] [DEBUG] + 	Target Parallelism: 2 [0m
[0;96m[2024-02-06T23:48:30] [DEBUG] + 	Getting overview info from url http://flink-jobmanager:8081/overview [0m
[0;96m[2024-02-06T23:48:30] [DEBUG] + 	Current Taskmanagers: 2 [0m
[0;96m[2024-02-06T23:48:30] [DEBUG] + 	Target Parallelism: 2 [0m
[0m[2024-02-06T23:48:30] [RES_MNGR] Resuming Flink with new configuration...
[0m[2024-02-06T23:48:30] Running job /tmp/jobs/mymap-transscale-all.jar
[0m[2024-02-06T23:48:33] Running command ['/bin/sh', '-c', "flink run -s s3://flink-bucket/savepoints/savepoint-b35fe0-c9900c03197b -d -j /tmp/jobs/mymap-transscale-all.jar --parmap 'Sink__Sink:1;Map:2;Source__Source:1'"] on pod flink-jobmanager-77455795-d9k67
[0;96m[2024-02-06T23:48:57] [DEBUG] + Job is running, waiting to check for errors [0m
[0m[2024-02-06T23:49:12] 
*******************************************************
[0m[2024-02-06T23:49:12] Warming up for 140 seconds
[0m[2024-02-06T23:51:32] [MONITOR]: Retrieving job details from flink-jobmanager:8081 ...
[0m[2024-02-06T23:51:32] [MONITOR]:: Details about the job:
[0m[2024-02-06T23:51:32] 	 Job ID: 67e6dcb81fa408cd5b2f9d873f0336bd
[0m[2024-02-06T23:51:32] 	 Operators: 3
[0m[2024-02-06T23:51:32] TRANSSCALE:: Monitoring the throughput and back pressure every 60 seconds...
[0m[2024-02-06T23:52:32] 
TRANSSCALE:: Periodic Monitoring...
[0;96m[2024-02-06T23:52:32] [DEBUG] + 	Getting operator out throughput from url http://flink-jobmanager:8081/jobs/67e6dcb81fa408cd5b2f9d873f0336bd/vertices/fdaaed869c7e767a4ba54f74c039d468/subtasks/metrics?get=numRecordsOutPerSecond [0m
[0;96m[2024-02-06T23:52:32] [DEBUG] + 	Getting operator in throughput from url http://flink-jobmanager:8081/jobs/67e6dcb81fa408cd5b2f9d873f0336bd/vertices/fdaaed869c7e767a4ba54f74c039d468/subtasks/metrics?get=numRecordsInPerSecond [0m
[0;96m[2024-02-06T23:52:32] [DEBUG] + 	Getting operator (fdaaed869c7e767a4ba54f74c039d468) backpressure from url http://flink-jobmanager:8081/jobs/67e6dcb81fa408cd5b2f9d873f0336bd/vertices/fdaaed869c7e767a4ba54f74c039d468/subtasks/metrics?get=backPressuredTimeMsPerSecond [0m
[0;96m[2024-02-06T23:52:32] [DEBUG] + 	Getting operator (fdaaed869c7e767a4ba54f74c039d468) busyness from url http://flink-jobmanager:8081/jobs/67e6dcb81fa408cd5b2f9d873f0336bd/vertices/fdaaed869c7e767a4ba54f74c039d468/subtasks/metrics?get=busyTimeMsPerSecond [0m
[0;96m[2024-02-06T23:52:32] [DEBUG] + 	Getting operator out throughput from url http://flink-jobmanager:8081/jobs/67e6dcb81fa408cd5b2f9d873f0336bd/vertices/e295af84ff117ecba66421e4f1dcca43/subtasks/metrics?get=numRecordsOutPerSecond [0m
[0;96m[2024-02-06T23:52:32] [DEBUG] + 	Getting operator in throughput from url http://flink-jobmanager:8081/jobs/67e6dcb81fa408cd5b2f9d873f0336bd/vertices/e295af84ff117ecba66421e4f1dcca43/subtasks/metrics?get=numRecordsInPerSecond [0m
[0;96m[2024-02-06T23:52:32] [DEBUG] + 	Getting operator (e295af84ff117ecba66421e4f1dcca43) backpressure from url http://flink-jobmanager:8081/jobs/67e6dcb81fa408cd5b2f9d873f0336bd/vertices/e295af84ff117ecba66421e4f1dcca43/subtasks/metrics?get=backPressuredTimeMsPerSecond [0m
[0;96m[2024-02-06T23:52:32] [DEBUG] + 	Getting operator (e295af84ff117ecba66421e4f1dcca43) busyness from url http://flink-jobmanager:8081/jobs/67e6dcb81fa408cd5b2f9d873f0336bd/vertices/e295af84ff117ecba66421e4f1dcca43/subtasks/metrics?get=busyTimeMsPerSecond [0m
[0;96m[2024-02-06T23:52:32] [DEBUG] + 	Getting operator out throughput from url http://flink-jobmanager:8081/jobs/67e6dcb81fa408cd5b2f9d873f0336bd/vertices/dca33db40b2f8f122636cd5297c0c511/subtasks/metrics?get=numRecordsOutPerSecond [0m
[0;96m[2024-02-06T23:52:32] [DEBUG] + 	Getting operator in throughput from url http://flink-jobmanager:8081/jobs/67e6dcb81fa408cd5b2f9d873f0336bd/vertices/dca33db40b2f8f122636cd5297c0c511/subtasks/metrics?get=numRecordsInPerSecond [0m
[0;96m[2024-02-06T23:52:32] [DEBUG] + 	Getting operator (dca33db40b2f8f122636cd5297c0c511) backpressure from url http://flink-jobmanager:8081/jobs/67e6dcb81fa408cd5b2f9d873f0336bd/vertices/dca33db40b2f8f122636cd5297c0c511/subtasks/metrics?get=backPressuredTimeMsPerSecond [0m
[0;96m[2024-02-06T23:52:32] [DEBUG] + 	Getting operator (dca33db40b2f8f122636cd5297c0c511) busyness from url http://flink-jobmanager:8081/jobs/67e6dcb81fa408cd5b2f9d873f0336bd/vertices/dca33db40b2f8f122636cd5297c0c511/subtasks/metrics?get=busyTimeMsPerSecond [0m
[0m[2024-02-06T23:52:32] [MONITOR]:: Runtime performance metrics:
[0m[2024-02-06T23:52:32] 	 Job Run Time: 230364 ms

[0;93m[2024-02-06T23:52:32] [WARNING]Back Pressure Level of some operator is HIGH[0m
[0;93m[2024-02-06T23:52:32] [WARNING]Bottleneck detected: e295af84ff117ecba66421e4f1dcca43[0m
[0m[2024-02-06T23:52:32] Waiting to check again the backpressure after 60 seconds...
[0;96m[2024-02-06T23:53:32] [DEBUG] + 	Getting operator out throughput from url http://flink-jobmanager:8081/jobs/67e6dcb81fa408cd5b2f9d873f0336bd/vertices/fdaaed869c7e767a4ba54f74c039d468/subtasks/metrics?get=numRecordsOutPerSecond [0m
[0;96m[2024-02-06T23:53:32] [DEBUG] + 	Getting operator in throughput from url http://flink-jobmanager:8081/jobs/67e6dcb81fa408cd5b2f9d873f0336bd/vertices/fdaaed869c7e767a4ba54f74c039d468/subtasks/metrics?get=numRecordsInPerSecond [0m
[0;96m[2024-02-06T23:53:32] [DEBUG] + 	Getting operator (fdaaed869c7e767a4ba54f74c039d468) backpressure from url http://flink-jobmanager:8081/jobs/67e6dcb81fa408cd5b2f9d873f0336bd/vertices/fdaaed869c7e767a4ba54f74c039d468/subtasks/metrics?get=backPressuredTimeMsPerSecond [0m
[0;96m[2024-02-06T23:53:32] [DEBUG] + 	Getting operator (fdaaed869c7e767a4ba54f74c039d468) busyness from url http://flink-jobmanager:8081/jobs/67e6dcb81fa408cd5b2f9d873f0336bd/vertices/fdaaed869c7e767a4ba54f74c039d468/subtasks/metrics?get=busyTimeMsPerSecond [0m
[0;96m[2024-02-06T23:53:32] [DEBUG] + 	Getting operator out throughput from url http://flink-jobmanager:8081/jobs/67e6dcb81fa408cd5b2f9d873f0336bd/vertices/e295af84ff117ecba66421e4f1dcca43/subtasks/metrics?get=numRecordsOutPerSecond [0m
[0;96m[2024-02-06T23:53:32] [DEBUG] + 	Getting operator in throughput from url http://flink-jobmanager:8081/jobs/67e6dcb81fa408cd5b2f9d873f0336bd/vertices/e295af84ff117ecba66421e4f1dcca43/subtasks/metrics?get=numRecordsInPerSecond [0m
[0;96m[2024-02-06T23:53:32] [DEBUG] + 	Getting operator (e295af84ff117ecba66421e4f1dcca43) backpressure from url http://flink-jobmanager:8081/jobs/67e6dcb81fa408cd5b2f9d873f0336bd/vertices/e295af84ff117ecba66421e4f1dcca43/subtasks/metrics?get=backPressuredTimeMsPerSecond [0m
[0;96m[2024-02-06T23:53:32] [DEBUG] + 	Getting operator (e295af84ff117ecba66421e4f1dcca43) busyness from url http://flink-jobmanager:8081/jobs/67e6dcb81fa408cd5b2f9d873f0336bd/vertices/e295af84ff117ecba66421e4f1dcca43/subtasks/metrics?get=busyTimeMsPerSecond [0m
[0;96m[2024-02-06T23:53:32] [DEBUG] + 	Getting operator out throughput from url http://flink-jobmanager:8081/jobs/67e6dcb81fa408cd5b2f9d873f0336bd/vertices/dca33db40b2f8f122636cd5297c0c511/subtasks/metrics?get=numRecordsOutPerSecond [0m
[0;96m[2024-02-06T23:53:32] [DEBUG] + 	Getting operator in throughput from url http://flink-jobmanager:8081/jobs/67e6dcb81fa408cd5b2f9d873f0336bd/vertices/dca33db40b2f8f122636cd5297c0c511/subtasks/metrics?get=numRecordsInPerSecond [0m
[0;96m[2024-02-06T23:53:32] [DEBUG] + 	Getting operator (dca33db40b2f8f122636cd5297c0c511) backpressure from url http://flink-jobmanager:8081/jobs/67e6dcb81fa408cd5b2f9d873f0336bd/vertices/dca33db40b2f8f122636cd5297c0c511/subtasks/metrics?get=backPressuredTimeMsPerSecond [0m
[0;96m[2024-02-06T23:53:32] [DEBUG] + 	Getting operator (dca33db40b2f8f122636cd5297c0c511) busyness from url http://flink-jobmanager:8081/jobs/67e6dcb81fa408cd5b2f9d873f0336bd/vertices/dca33db40b2f8f122636cd5297c0c511/subtasks/metrics?get=busyTimeMsPerSecond [0m
[0m[2024-02-06T23:53:32] Checking if bottleneck changed...
[0;93m[2024-02-06T23:53:32] [WARNING]Bottleneck is still e295af84ff117ecba66421e4f1dcca43[0m
[0;96m[2024-02-06T23:53:32] [DEBUG] + 	Getting operator out throughput from url http://flink-jobmanager:8081/jobs/67e6dcb81fa408cd5b2f9d873f0336bd/vertices/fdaaed869c7e767a4ba54f74c039d468/subtasks/metrics?get=numRecordsOutPerSecond [0m
[0;96m[2024-02-06T23:53:32] [DEBUG] + 	Getting operator in throughput from url http://flink-jobmanager:8081/jobs/67e6dcb81fa408cd5b2f9d873f0336bd/vertices/fdaaed869c7e767a4ba54f74c039d468/subtasks/metrics?get=numRecordsInPerSecond [0m
[0;96m[2024-02-06T23:53:32] [DEBUG] + 	Getting operator (fdaaed869c7e767a4ba54f74c039d468) backpressure from url http://flink-jobmanager:8081/jobs/67e6dcb81fa408cd5b2f9d873f0336bd/vertices/fdaaed869c7e767a4ba54f74c039d468/subtasks/metrics?get=backPressuredTimeMsPerSecond [0m
[0;96m[2024-02-06T23:53:32] [DEBUG] + 	Getting operator (fdaaed869c7e767a4ba54f74c039d468) busyness from url http://flink-jobmanager:8081/jobs/67e6dcb81fa408cd5b2f9d873f0336bd/vertices/fdaaed869c7e767a4ba54f74c039d468/subtasks/metrics?get=busyTimeMsPerSecond [0m
[0;96m[2024-02-06T23:53:32] [DEBUG] + 	Getting operator out throughput from url http://flink-jobmanager:8081/jobs/67e6dcb81fa408cd5b2f9d873f0336bd/vertices/e295af84ff117ecba66421e4f1dcca43/subtasks/metrics?get=numRecordsOutPerSecond [0m
[0;96m[2024-02-06T23:53:32] [DEBUG] + 	Getting operator in throughput from url http://flink-jobmanager:8081/jobs/67e6dcb81fa408cd5b2f9d873f0336bd/vertices/e295af84ff117ecba66421e4f1dcca43/subtasks/metrics?get=numRecordsInPerSecond [0m
[0;96m[2024-02-06T23:53:32] [DEBUG] + 	Getting operator (e295af84ff117ecba66421e4f1dcca43) backpressure from url http://flink-jobmanager:8081/jobs/67e6dcb81fa408cd5b2f9d873f0336bd/vertices/e295af84ff117ecba66421e4f1dcca43/subtasks/metrics?get=backPressuredTimeMsPerSecond [0m
[0;96m[2024-02-06T23:53:32] [DEBUG] + 	Getting operator (e295af84ff117ecba66421e4f1dcca43) busyness from url http://flink-jobmanager:8081/jobs/67e6dcb81fa408cd5b2f9d873f0336bd/vertices/e295af84ff117ecba66421e4f1dcca43/subtasks/metrics?get=busyTimeMsPerSecond [0m
[0;96m[2024-02-06T23:53:32] [DEBUG] + 	Getting operator out throughput from url http://flink-jobmanager:8081/jobs/67e6dcb81fa408cd5b2f9d873f0336bd/vertices/dca33db40b2f8f122636cd5297c0c511/subtasks/metrics?get=numRecordsOutPerSecond [0m
[0;96m[2024-02-06T23:53:32] [DEBUG] + 	Getting operator in throughput from url http://flink-jobmanager:8081/jobs/67e6dcb81fa408cd5b2f9d873f0336bd/vertices/dca33db40b2f8f122636cd5297c0c511/subtasks/metrics?get=numRecordsInPerSecond [0m
[0;96m[2024-02-06T23:53:32] [DEBUG] + 	Getting operator (dca33db40b2f8f122636cd5297c0c511) backpressure from url http://flink-jobmanager:8081/jobs/67e6dcb81fa408cd5b2f9d873f0336bd/vertices/dca33db40b2f8f122636cd5297c0c511/subtasks/metrics?get=backPressuredTimeMsPerSecond [0m
[0;96m[2024-02-06T23:53:32] [DEBUG] + 	Getting operator (dca33db40b2f8f122636cd5297c0c511) busyness from url http://flink-jobmanager:8081/jobs/67e6dcb81fa408cd5b2f9d873f0336bd/vertices/dca33db40b2f8f122636cd5297c0c511/subtasks/metrics?get=busyTimeMsPerSecond [0m
[0m[2024-02-06T23:53:32] [MONITOR]:: Runtime performance metrics:
[0m[2024-02-06T23:53:32] 	 Job Run Time: 290539 ms
[0m[2024-02-06T23:53:32] Backpressure is still high and the system needs a reconfiguration...
[0m[2024-02-06T23:53:32] [RES_MNGR] Average network latencies
[0m[2024-02-06T23:53:32] 
               parasilo-2     parasilo-20    parasilo-21    parasilo-22    parasilo-23    parasilo-24    parasilo-25    parasilo-26    parasilo-27    parasilo-28    parasilo-3     parasilo-4     parasilo-5     parasilo-6     parasilo-7     parasilo-9     
parasilo-2     0.04           0.659          0.621          0.595          0.643          0.607          0.74           0.564          0.636          0.682          0.632          0.654          0.673          1.06           0.876          0.669          
parasilo-20    0.659          0.021          0.718          0.736          0.633          0.593          0.691          0.842          0.667          0.707          0.736          0.675          0.757          0.523          0.886          0.734          
parasilo-21    0.621          0.718          0.028          0.541          0.609          0.575          0.633          0.512          0.523          0.667          1.137          0.602          0.555          0.529          0.854          0.528          
parasilo-22    0.595          0.736          0.541          0.021          0.91           0.672          0.697          0.687          0.663          0.627          0.546          0.498          0.856          0.472          0.869          0.507          
parasilo-23    0.643          0.633          0.609          0.91           0.022          1.035          0.682          0.531          0.621          0.737          0.669          0.68           0.688          0.546          0.851          0.535          
parasilo-24    0.607          0.593          0.575          0.672          1.035          0.021          0.677          0.373          0.491          0.633          0.621          0.88           0.484          0.496          0.791          0.564          
parasilo-25    0.74           0.691          0.633          0.697          0.682          0.677          0.345          0.585          0.657          0.483          0.72           0.63           0.623          0.686          0.465          0.72           
parasilo-26    0.564          0.842          0.512          0.687          0.531          0.373          0.585          0.031          0.506          0.595          0.593          0.595          0.686          0.409          0.724          0.832          
parasilo-27    0.636          0.667          0.523          0.663          0.621          0.491          0.657          0.506          0.032          0.666          0.621          0.516          0.678          0.516          0.881          0.612          
parasilo-28    0.682          0.707          0.667          0.627          0.737          0.633          0.483          0.595          0.666          0.166          0.668          0.686          0.668          0.552          0.455          0.673          
parasilo-3     0.632          0.736          1.137          0.546          0.669          0.621          0.72           0.593          0.621          0.668          0.022          0.657          0.612          0.499          0.805          0.541          
parasilo-4     0.654          0.675          0.602          0.498          0.68           0.88           0.63           0.595          0.516          0.686          0.657          0.03           0.417          0.552          0.87           1.022          
parasilo-5     0.673          0.757          0.555          0.856          0.688          0.484          0.623          0.686          0.678          0.668          0.612          0.417          0.022          0.547          0.759          0.56           
parasilo-6     1.06           0.523          0.529          0.472          0.546          0.496          0.686          0.409          0.516          0.552          0.499          0.552          0.547          0.02           0.682          0.478          
parasilo-7     0.876          0.886          0.854          0.869          0.851          0.791          0.465          0.724          0.881          0.455          0.805          0.87           0.759          0.682          0.473          0.825          
parasilo-9     0.669          0.734          0.528          0.507          0.535          0.564          0.72           0.832          0.612          0.673          0.541          1.022          0.56           0.478          0.825          0.039          

[0m[2024-02-06T23:53:32] [RES_MNGR] Shortest path nodes: ['parasilo-6', 'parasilo-26', 'parasilo-22', 'parasilo-9', 'parasilo-24', 'parasilo-3', 'parasilo-27', 'parasilo-20', 'parasilo-21', 'parasilo-23', 'parasilo-5', 'parasilo-4', 'parasilo-28', 'parasilo-7', 'parasilo-25', 'parasilo-2']
[0m[2024-02-06T23:53:32] [RES_MNGR] Observed delays: [0, 0.4090999999999999, 0.47240000000000004, 0.47800000000000004, 0.4957999999999999, 0.4991999999999999, 0.5164, 0.5229, 0.5286000000000002, 0.5458000000000002, 0.547, 0.5522, 0.5525, 0.6819, 0.6864, 1.0604, 0.6873]
[0m[2024-02-06T23:53:32] [RES_MNGR] NDmax: 1.1371999999999998
