[0m[2024-02-17T13:38:37] TRANSSCALE:: Starting auto-scaler...

[0m[2024-02-17T13:38:37] [LOGGER] New debug level: 1
[0m[2024-02-17T13:38:37] Starting RTT matrix update thread
[0;96m[2024-02-17T13:38:37] [DEBUG] + [RECONF_MNGR] Selected strategy is transscale.strategies.ParallelismOnly [0m
[0;96m[2024-02-17T13:38:37] [DEBUG] + [RECONF_MNGR] Strategy imported [0m
[0;96m[2024-02-17T13:38:37] [DEBUG] +  [0m[0m[2024-02-17T13:38:37] [RECONF_STRAT] Using PARALLELISM ONLY strategy
[0m[2024-02-17T13:38:37] [MONITOR]: Retrieving job details from flink-jobmanager:8081 ...
[0m[2024-02-17T13:38:37] [MONITOR]:: Details about the job:
[0m[2024-02-17T13:38:37] 	 Job ID: 81f11fc0c557363c2b1303008acddadb
[0m[2024-02-17T13:38:37] 	 Operators: 6
[0m[2024-02-17T13:38:37] 
*******************************************************
[0m[2024-02-17T13:38:37] Warming up for 240 seconds
[0m[2024-02-17T13:42:37] [MONITOR]: Retrieving job details from flink-jobmanager:8081 ...
[0m[2024-02-17T13:42:37] [MONITOR]:: Details about the job:
[0m[2024-02-17T13:42:37] 	 Job ID: 81f11fc0c557363c2b1303008acddadb
[0m[2024-02-17T13:42:37] 	 Operators: 6
[0m[2024-02-17T13:42:37] TRANSSCALE:: Monitoring the throughput and back pressure every 60 seconds...
[0m[2024-02-17T13:43:37] 
TRANSSCALE:: Periodic Monitoring...
[0;96m[2024-02-17T13:43:37] [DEBUG] + 	Getting operator out throughput from url http://flink-jobmanager:8081/jobs/81f11fc0c557363c2b1303008acddadb/vertices/41a95396e613c9f62f1da16142d5ddd2/subtasks/metrics?get=numRecordsOutPerSecond [0m
[0;96m[2024-02-17T13:43:37] [DEBUG] + 	Getting operator in throughput from url http://flink-jobmanager:8081/jobs/81f11fc0c557363c2b1303008acddadb/vertices/41a95396e613c9f62f1da16142d5ddd2/subtasks/metrics?get=numRecordsInPerSecond [0m
[0;96m[2024-02-17T13:43:37] [DEBUG] + 	Getting operator (41a95396e613c9f62f1da16142d5ddd2) backpressure from url http://flink-jobmanager:8081/jobs/81f11fc0c557363c2b1303008acddadb/vertices/41a95396e613c9f62f1da16142d5ddd2/subtasks/metrics?get=backPressuredTimeMsPerSecond [0m
[0;96m[2024-02-17T13:43:37] [DEBUG] + 	Getting operator (41a95396e613c9f62f1da16142d5ddd2) busyness from url http://flink-jobmanager:8081/jobs/81f11fc0c557363c2b1303008acddadb/vertices/41a95396e613c9f62f1da16142d5ddd2/subtasks/metrics?get=busyTimeMsPerSecond [0m
[0;96m[2024-02-17T13:43:37] [DEBUG] + 	Getting operator out throughput from url http://flink-jobmanager:8081/jobs/81f11fc0c557363c2b1303008acddadb/vertices/32f0ffe0b6f0b990239bb81cec28b9d8/subtasks/metrics?get=numRecordsOutPerSecond [0m
[0;96m[2024-02-17T13:43:37] [DEBUG] + 	Getting operator in throughput from url http://flink-jobmanager:8081/jobs/81f11fc0c557363c2b1303008acddadb/vertices/32f0ffe0b6f0b990239bb81cec28b9d8/subtasks/metrics?get=numRecordsInPerSecond [0m
[0;96m[2024-02-17T13:43:37] [DEBUG] + 	Getting operator (32f0ffe0b6f0b990239bb81cec28b9d8) backpressure from url http://flink-jobmanager:8081/jobs/81f11fc0c557363c2b1303008acddadb/vertices/32f0ffe0b6f0b990239bb81cec28b9d8/subtasks/metrics?get=backPressuredTimeMsPerSecond [0m
[0;96m[2024-02-17T13:43:37] [DEBUG] + 	Getting operator (32f0ffe0b6f0b990239bb81cec28b9d8) busyness from url http://flink-jobmanager:8081/jobs/81f11fc0c557363c2b1303008acddadb/vertices/32f0ffe0b6f0b990239bb81cec28b9d8/subtasks/metrics?get=busyTimeMsPerSecond [0m
[0;96m[2024-02-17T13:43:37] [DEBUG] + 	Getting operator out throughput from url http://flink-jobmanager:8081/jobs/81f11fc0c557363c2b1303008acddadb/vertices/31ec045e3401e87fc7879b43d8e8625d/subtasks/metrics?get=numRecordsOutPerSecond [0m
[0;96m[2024-02-17T13:43:37] [DEBUG] + 	Getting operator in throughput from url http://flink-jobmanager:8081/jobs/81f11fc0c557363c2b1303008acddadb/vertices/31ec045e3401e87fc7879b43d8e8625d/subtasks/metrics?get=numRecordsInPerSecond [0m
[0;96m[2024-02-17T13:43:37] [DEBUG] + 	Getting operator (31ec045e3401e87fc7879b43d8e8625d) backpressure from url http://flink-jobmanager:8081/jobs/81f11fc0c557363c2b1303008acddadb/vertices/31ec045e3401e87fc7879b43d8e8625d/subtasks/metrics?get=backPressuredTimeMsPerSecond [0m
[0;96m[2024-02-17T13:43:37] [DEBUG] + 	Getting operator (31ec045e3401e87fc7879b43d8e8625d) busyness from url http://flink-jobmanager:8081/jobs/81f11fc0c557363c2b1303008acddadb/vertices/31ec045e3401e87fc7879b43d8e8625d/subtasks/metrics?get=busyTimeMsPerSecond [0m
[0;96m[2024-02-17T13:43:37] [DEBUG] + 	Getting operator out throughput from url http://flink-jobmanager:8081/jobs/81f11fc0c557363c2b1303008acddadb/vertices/dca33db40b2f8f122636cd5297c0c511/subtasks/metrics?get=numRecordsOutPerSecond [0m
[0;96m[2024-02-17T13:43:37] [DEBUG] + 	Getting operator in throughput from url http://flink-jobmanager:8081/jobs/81f11fc0c557363c2b1303008acddadb/vertices/dca33db40b2f8f122636cd5297c0c511/subtasks/metrics?get=numRecordsInPerSecond [0m
[0;96m[2024-02-17T13:43:37] [DEBUG] + 	Getting operator (dca33db40b2f8f122636cd5297c0c511) backpressure from url http://flink-jobmanager:8081/jobs/81f11fc0c557363c2b1303008acddadb/vertices/dca33db40b2f8f122636cd5297c0c511/subtasks/metrics?get=backPressuredTimeMsPerSecond [0m
[0;96m[2024-02-17T13:43:37] [DEBUG] + 	Getting operator (dca33db40b2f8f122636cd5297c0c511) busyness from url http://flink-jobmanager:8081/jobs/81f11fc0c557363c2b1303008acddadb/vertices/dca33db40b2f8f122636cd5297c0c511/subtasks/metrics?get=busyTimeMsPerSecond [0m
[0;96m[2024-02-17T13:43:37] [DEBUG] + 	Getting operator out throughput from url http://flink-jobmanager:8081/jobs/81f11fc0c557363c2b1303008acddadb/vertices/e926317ddf99720773e3c7f4f412c3d7/subtasks/metrics?get=numRecordsOutPerSecond [0m
[0;96m[2024-02-17T13:43:37] [DEBUG] + 	Getting operator in throughput from url http://flink-jobmanager:8081/jobs/81f11fc0c557363c2b1303008acddadb/vertices/e926317ddf99720773e3c7f4f412c3d7/subtasks/metrics?get=numRecordsInPerSecond [0m
[0;96m[2024-02-17T13:43:37] [DEBUG] + 	Getting operator (e926317ddf99720773e3c7f4f412c3d7) backpressure from url http://flink-jobmanager:8081/jobs/81f11fc0c557363c2b1303008acddadb/vertices/e926317ddf99720773e3c7f4f412c3d7/subtasks/metrics?get=backPressuredTimeMsPerSecond [0m
[0;96m[2024-02-17T13:43:37] [DEBUG] + 	Getting operator (e926317ddf99720773e3c7f4f412c3d7) busyness from url http://flink-jobmanager:8081/jobs/81f11fc0c557363c2b1303008acddadb/vertices/e926317ddf99720773e3c7f4f412c3d7/subtasks/metrics?get=busyTimeMsPerSecond [0m
[0;96m[2024-02-17T13:43:37] [DEBUG] + 	Getting operator out throughput from url http://flink-jobmanager:8081/jobs/81f11fc0c557363c2b1303008acddadb/vertices/9c7327831b3b5b4ae2c580979f474a9c/subtasks/metrics?get=numRecordsOutPerSecond [0m
[0;96m[2024-02-17T13:43:37] [DEBUG] + 	Getting operator in throughput from url http://flink-jobmanager:8081/jobs/81f11fc0c557363c2b1303008acddadb/vertices/9c7327831b3b5b4ae2c580979f474a9c/subtasks/metrics?get=numRecordsInPerSecond [0m
[0;96m[2024-02-17T13:43:37] [DEBUG] + 	Getting operator (9c7327831b3b5b4ae2c580979f474a9c) backpressure from url http://flink-jobmanager:8081/jobs/81f11fc0c557363c2b1303008acddadb/vertices/9c7327831b3b5b4ae2c580979f474a9c/subtasks/metrics?get=backPressuredTimeMsPerSecond [0m
[0;96m[2024-02-17T13:43:37] [DEBUG] + 	Getting operator (9c7327831b3b5b4ae2c580979f474a9c) busyness from url http://flink-jobmanager:8081/jobs/81f11fc0c557363c2b1303008acddadb/vertices/9c7327831b3b5b4ae2c580979f474a9c/subtasks/metrics?get=busyTimeMsPerSecond [0m
[0m[2024-02-17T13:43:37] [MONITOR]:: Runtime performance metrics:
[0m[2024-02-17T13:43:37] 	 Job Run Time: 306377 ms

[0;93m[2024-02-17T13:43:37] [WARNING]Back Pressure Level of some operator is HIGH[0m
[0;93m[2024-02-17T13:43:37] [WARNING]Bottleneck detected: 32f0ffe0b6f0b990239bb81cec28b9d8[0m
[0m[2024-02-17T13:43:37] Waiting to check again the backpressure after 60 seconds...
[0;96m[2024-02-17T13:44:37] [DEBUG] + 	Getting operator out throughput from url http://flink-jobmanager:8081/jobs/81f11fc0c557363c2b1303008acddadb/vertices/41a95396e613c9f62f1da16142d5ddd2/subtasks/metrics?get=numRecordsOutPerSecond [0m
[0;96m[2024-02-17T13:44:37] [DEBUG] + 	Getting operator in throughput from url http://flink-jobmanager:8081/jobs/81f11fc0c557363c2b1303008acddadb/vertices/41a95396e613c9f62f1da16142d5ddd2/subtasks/metrics?get=numRecordsInPerSecond [0m
[0;96m[2024-02-17T13:44:37] [DEBUG] + 	Getting operator (41a95396e613c9f62f1da16142d5ddd2) backpressure from url http://flink-jobmanager:8081/jobs/81f11fc0c557363c2b1303008acddadb/vertices/41a95396e613c9f62f1da16142d5ddd2/subtasks/metrics?get=backPressuredTimeMsPerSecond [0m
[0;96m[2024-02-17T13:44:37] [DEBUG] + 	Getting operator (41a95396e613c9f62f1da16142d5ddd2) busyness from url http://flink-jobmanager:8081/jobs/81f11fc0c557363c2b1303008acddadb/vertices/41a95396e613c9f62f1da16142d5ddd2/subtasks/metrics?get=busyTimeMsPerSecond [0m
[0;96m[2024-02-17T13:44:37] [DEBUG] + 	Getting operator out throughput from url http://flink-jobmanager:8081/jobs/81f11fc0c557363c2b1303008acddadb/vertices/32f0ffe0b6f0b990239bb81cec28b9d8/subtasks/metrics?get=numRecordsOutPerSecond [0m
[0;96m[2024-02-17T13:44:37] [DEBUG] + 	Getting operator in throughput from url http://flink-jobmanager:8081/jobs/81f11fc0c557363c2b1303008acddadb/vertices/32f0ffe0b6f0b990239bb81cec28b9d8/subtasks/metrics?get=numRecordsInPerSecond [0m
[0;96m[2024-02-17T13:44:37] [DEBUG] + 	Getting operator (32f0ffe0b6f0b990239bb81cec28b9d8) backpressure from url http://flink-jobmanager:8081/jobs/81f11fc0c557363c2b1303008acddadb/vertices/32f0ffe0b6f0b990239bb81cec28b9d8/subtasks/metrics?get=backPressuredTimeMsPerSecond [0m
[0;96m[2024-02-17T13:44:37] [DEBUG] + 	Getting operator (32f0ffe0b6f0b990239bb81cec28b9d8) busyness from url http://flink-jobmanager:8081/jobs/81f11fc0c557363c2b1303008acddadb/vertices/32f0ffe0b6f0b990239bb81cec28b9d8/subtasks/metrics?get=busyTimeMsPerSecond [0m
[0;96m[2024-02-17T13:44:37] [DEBUG] + 	Getting operator out throughput from url http://flink-jobmanager:8081/jobs/81f11fc0c557363c2b1303008acddadb/vertices/31ec045e3401e87fc7879b43d8e8625d/subtasks/metrics?get=numRecordsOutPerSecond [0m
[0;96m[2024-02-17T13:44:37] [DEBUG] + 	Getting operator in throughput from url http://flink-jobmanager:8081/jobs/81f11fc0c557363c2b1303008acddadb/vertices/31ec045e3401e87fc7879b43d8e8625d/subtasks/metrics?get=numRecordsInPerSecond [0m
[0;96m[2024-02-17T13:44:37] [DEBUG] + 	Getting operator (31ec045e3401e87fc7879b43d8e8625d) backpressure from url http://flink-jobmanager:8081/jobs/81f11fc0c557363c2b1303008acddadb/vertices/31ec045e3401e87fc7879b43d8e8625d/subtasks/metrics?get=backPressuredTimeMsPerSecond [0m
[0;96m[2024-02-17T13:44:37] [DEBUG] + 	Getting operator (31ec045e3401e87fc7879b43d8e8625d) busyness from url http://flink-jobmanager:8081/jobs/81f11fc0c557363c2b1303008acddadb/vertices/31ec045e3401e87fc7879b43d8e8625d/subtasks/metrics?get=busyTimeMsPerSecond [0m
[0;96m[2024-02-17T13:44:37] [DEBUG] + 	Getting operator out throughput from url http://flink-jobmanager:8081/jobs/81f11fc0c557363c2b1303008acddadb/vertices/dca33db40b2f8f122636cd5297c0c511/subtasks/metrics?get=numRecordsOutPerSecond [0m
[0;96m[2024-02-17T13:44:37] [DEBUG] + 	Getting operator in throughput from url http://flink-jobmanager:8081/jobs/81f11fc0c557363c2b1303008acddadb/vertices/dca33db40b2f8f122636cd5297c0c511/subtasks/metrics?get=numRecordsInPerSecond [0m
[0;96m[2024-02-17T13:44:37] [DEBUG] + 	Getting operator (dca33db40b2f8f122636cd5297c0c511) backpressure from url http://flink-jobmanager:8081/jobs/81f11fc0c557363c2b1303008acddadb/vertices/dca33db40b2f8f122636cd5297c0c511/subtasks/metrics?get=backPressuredTimeMsPerSecond [0m
[0;96m[2024-02-17T13:44:37] [DEBUG] + 	Getting operator (dca33db40b2f8f122636cd5297c0c511) busyness from url http://flink-jobmanager:8081/jobs/81f11fc0c557363c2b1303008acddadb/vertices/dca33db40b2f8f122636cd5297c0c511/subtasks/metrics?get=busyTimeMsPerSecond [0m
[0;96m[2024-02-17T13:44:37] [DEBUG] + 	Getting operator out throughput from url http://flink-jobmanager:8081/jobs/81f11fc0c557363c2b1303008acddadb/vertices/e926317ddf99720773e3c7f4f412c3d7/subtasks/metrics?get=numRecordsOutPerSecond [0m
[0;96m[2024-02-17T13:44:37] [DEBUG] + 	Getting operator in throughput from url http://flink-jobmanager:8081/jobs/81f11fc0c557363c2b1303008acddadb/vertices/e926317ddf99720773e3c7f4f412c3d7/subtasks/metrics?get=numRecordsInPerSecond [0m
[0;96m[2024-02-17T13:44:37] [DEBUG] + 	Getting operator (e926317ddf99720773e3c7f4f412c3d7) backpressure from url http://flink-jobmanager:8081/jobs/81f11fc0c557363c2b1303008acddadb/vertices/e926317ddf99720773e3c7f4f412c3d7/subtasks/metrics?get=backPressuredTimeMsPerSecond [0m
[0;96m[2024-02-17T13:44:37] [DEBUG] + 	Getting operator (e926317ddf99720773e3c7f4f412c3d7) busyness from url http://flink-jobmanager:8081/jobs/81f11fc0c557363c2b1303008acddadb/vertices/e926317ddf99720773e3c7f4f412c3d7/subtasks/metrics?get=busyTimeMsPerSecond [0m
[0;96m[2024-02-17T13:44:37] [DEBUG] + 	Getting operator out throughput from url http://flink-jobmanager:8081/jobs/81f11fc0c557363c2b1303008acddadb/vertices/9c7327831b3b5b4ae2c580979f474a9c/subtasks/metrics?get=numRecordsOutPerSecond [0m
[0;96m[2024-02-17T13:44:37] [DEBUG] + 	Getting operator in throughput from url http://flink-jobmanager:8081/jobs/81f11fc0c557363c2b1303008acddadb/vertices/9c7327831b3b5b4ae2c580979f474a9c/subtasks/metrics?get=numRecordsInPerSecond [0m
[0;96m[2024-02-17T13:44:37] [DEBUG] + 	Getting operator (9c7327831b3b5b4ae2c580979f474a9c) backpressure from url http://flink-jobmanager:8081/jobs/81f11fc0c557363c2b1303008acddadb/vertices/9c7327831b3b5b4ae2c580979f474a9c/subtasks/metrics?get=backPressuredTimeMsPerSecond [0m
[0;96m[2024-02-17T13:44:37] [DEBUG] + 	Getting operator (9c7327831b3b5b4ae2c580979f474a9c) busyness from url http://flink-jobmanager:8081/jobs/81f11fc0c557363c2b1303008acddadb/vertices/9c7327831b3b5b4ae2c580979f474a9c/subtasks/metrics?get=busyTimeMsPerSecond [0m
[0m[2024-02-17T13:44:37] Checking if bottleneck changed...
[0;93m[2024-02-17T13:44:37] [WARNING]Bottleneck is still 32f0ffe0b6f0b990239bb81cec28b9d8[0m
[0;96m[2024-02-17T13:44:37] [DEBUG] + 	Getting operator out throughput from url http://flink-jobmanager:8081/jobs/81f11fc0c557363c2b1303008acddadb/vertices/41a95396e613c9f62f1da16142d5ddd2/subtasks/metrics?get=numRecordsOutPerSecond [0m
[0;96m[2024-02-17T13:44:37] [DEBUG] + 	Getting operator in throughput from url http://flink-jobmanager:8081/jobs/81f11fc0c557363c2b1303008acddadb/vertices/41a95396e613c9f62f1da16142d5ddd2/subtasks/metrics?get=numRecordsInPerSecond [0m
[0;96m[2024-02-17T13:44:37] [DEBUG] + 	Getting operator (41a95396e613c9f62f1da16142d5ddd2) backpressure from url http://flink-jobmanager:8081/jobs/81f11fc0c557363c2b1303008acddadb/vertices/41a95396e613c9f62f1da16142d5ddd2/subtasks/metrics?get=backPressuredTimeMsPerSecond [0m
[0;96m[2024-02-17T13:44:37] [DEBUG] + 	Getting operator (41a95396e613c9f62f1da16142d5ddd2) busyness from url http://flink-jobmanager:8081/jobs/81f11fc0c557363c2b1303008acddadb/vertices/41a95396e613c9f62f1da16142d5ddd2/subtasks/metrics?get=busyTimeMsPerSecond [0m
[0;96m[2024-02-17T13:44:37] [DEBUG] + 	Getting operator out throughput from url http://flink-jobmanager:8081/jobs/81f11fc0c557363c2b1303008acddadb/vertices/32f0ffe0b6f0b990239bb81cec28b9d8/subtasks/metrics?get=numRecordsOutPerSecond [0m
[0;96m[2024-02-17T13:44:37] [DEBUG] + 	Getting operator in throughput from url http://flink-jobmanager:8081/jobs/81f11fc0c557363c2b1303008acddadb/vertices/32f0ffe0b6f0b990239bb81cec28b9d8/subtasks/metrics?get=numRecordsInPerSecond [0m
[0;96m[2024-02-17T13:44:37] [DEBUG] + 	Getting operator (32f0ffe0b6f0b990239bb81cec28b9d8) backpressure from url http://flink-jobmanager:8081/jobs/81f11fc0c557363c2b1303008acddadb/vertices/32f0ffe0b6f0b990239bb81cec28b9d8/subtasks/metrics?get=backPressuredTimeMsPerSecond [0m
[0;96m[2024-02-17T13:44:37] [DEBUG] + 	Getting operator (32f0ffe0b6f0b990239bb81cec28b9d8) busyness from url http://flink-jobmanager:8081/jobs/81f11fc0c557363c2b1303008acddadb/vertices/32f0ffe0b6f0b990239bb81cec28b9d8/subtasks/metrics?get=busyTimeMsPerSecond [0m
[0;96m[2024-02-17T13:44:37] [DEBUG] + 	Getting operator out throughput from url http://flink-jobmanager:8081/jobs/81f11fc0c557363c2b1303008acddadb/vertices/31ec045e3401e87fc7879b43d8e8625d/subtasks/metrics?get=numRecordsOutPerSecond [0m
[0;96m[2024-02-17T13:44:37] [DEBUG] + 	Getting operator in throughput from url http://flink-jobmanager:8081/jobs/81f11fc0c557363c2b1303008acddadb/vertices/31ec045e3401e87fc7879b43d8e8625d/subtasks/metrics?get=numRecordsInPerSecond [0m
[0;96m[2024-02-17T13:44:37] [DEBUG] + 	Getting operator (31ec045e3401e87fc7879b43d8e8625d) backpressure from url http://flink-jobmanager:8081/jobs/81f11fc0c557363c2b1303008acddadb/vertices/31ec045e3401e87fc7879b43d8e8625d/subtasks/metrics?get=backPressuredTimeMsPerSecond [0m
[0;96m[2024-02-17T13:44:37] [DEBUG] + 	Getting operator (31ec045e3401e87fc7879b43d8e8625d) busyness from url http://flink-jobmanager:8081/jobs/81f11fc0c557363c2b1303008acddadb/vertices/31ec045e3401e87fc7879b43d8e8625d/subtasks/metrics?get=busyTimeMsPerSecond [0m
[0;96m[2024-02-17T13:44:37] [DEBUG] + 	Getting operator out throughput from url http://flink-jobmanager:8081/jobs/81f11fc0c557363c2b1303008acddadb/vertices/dca33db40b2f8f122636cd5297c0c511/subtasks/metrics?get=numRecordsOutPerSecond [0m
[0;96m[2024-02-17T13:44:37] [DEBUG] + 	Getting operator in throughput from url http://flink-jobmanager:8081/jobs/81f11fc0c557363c2b1303008acddadb/vertices/dca33db40b2f8f122636cd5297c0c511/subtasks/metrics?get=numRecordsInPerSecond [0m
[0;96m[2024-02-17T13:44:37] [DEBUG] + 	Getting operator (dca33db40b2f8f122636cd5297c0c511) backpressure from url http://flink-jobmanager:8081/jobs/81f11fc0c557363c2b1303008acddadb/vertices/dca33db40b2f8f122636cd5297c0c511/subtasks/metrics?get=backPressuredTimeMsPerSecond [0m
[0;96m[2024-02-17T13:44:37] [DEBUG] + 	Getting operator (dca33db40b2f8f122636cd5297c0c511) busyness from url http://flink-jobmanager:8081/jobs/81f11fc0c557363c2b1303008acddadb/vertices/dca33db40b2f8f122636cd5297c0c511/subtasks/metrics?get=busyTimeMsPerSecond [0m
[0;96m[2024-02-17T13:44:37] [DEBUG] + 	Getting operator out throughput from url http://flink-jobmanager:8081/jobs/81f11fc0c557363c2b1303008acddadb/vertices/e926317ddf99720773e3c7f4f412c3d7/subtasks/metrics?get=numRecordsOutPerSecond [0m
[0;96m[2024-02-17T13:44:37] [DEBUG] + 	Getting operator in throughput from url http://flink-jobmanager:8081/jobs/81f11fc0c557363c2b1303008acddadb/vertices/e926317ddf99720773e3c7f4f412c3d7/subtasks/metrics?get=numRecordsInPerSecond [0m
[0;96m[2024-02-17T13:44:37] [DEBUG] + 	Getting operator (e926317ddf99720773e3c7f4f412c3d7) backpressure from url http://flink-jobmanager:8081/jobs/81f11fc0c557363c2b1303008acddadb/vertices/e926317ddf99720773e3c7f4f412c3d7/subtasks/metrics?get=backPressuredTimeMsPerSecond [0m
[0;96m[2024-02-17T13:44:37] [DEBUG] + 	Getting operator (e926317ddf99720773e3c7f4f412c3d7) busyness from url http://flink-jobmanager:8081/jobs/81f11fc0c557363c2b1303008acddadb/vertices/e926317ddf99720773e3c7f4f412c3d7/subtasks/metrics?get=busyTimeMsPerSecond [0m
[0;96m[2024-02-17T13:44:37] [DEBUG] + 	Getting operator out throughput from url http://flink-jobmanager:8081/jobs/81f11fc0c557363c2b1303008acddadb/vertices/9c7327831b3b5b4ae2c580979f474a9c/subtasks/metrics?get=numRecordsOutPerSecond [0m
[0;96m[2024-02-17T13:44:37] [DEBUG] + 	Getting operator in throughput from url http://flink-jobmanager:8081/jobs/81f11fc0c557363c2b1303008acddadb/vertices/9c7327831b3b5b4ae2c580979f474a9c/subtasks/metrics?get=numRecordsInPerSecond [0m
[0;96m[2024-02-17T13:44:37] [DEBUG] + 	Getting operator (9c7327831b3b5b4ae2c580979f474a9c) backpressure from url http://flink-jobmanager:8081/jobs/81f11fc0c557363c2b1303008acddadb/vertices/9c7327831b3b5b4ae2c580979f474a9c/subtasks/metrics?get=backPressuredTimeMsPerSecond [0m
[0;96m[2024-02-17T13:44:37] [DEBUG] + 	Getting operator (9c7327831b3b5b4ae2c580979f474a9c) busyness from url http://flink-jobmanager:8081/jobs/81f11fc0c557363c2b1303008acddadb/vertices/9c7327831b3b5b4ae2c580979f474a9c/subtasks/metrics?get=busyTimeMsPerSecond [0m
[0m[2024-02-17T13:44:37] [MONITOR]:: Runtime performance metrics:
[0m[2024-02-17T13:44:37] 	 Job Run Time: 366691 ms
[0m[2024-02-17T13:44:38] Backpressure is still high and the system needs a reconfiguration...
[0m[2024-02-17T13:44:38] [RES_MNGR] Average network latencies
[0m[2024-02-17T13:44:38] 
               parasilo-2     parasilo-20    parasilo-21    parasilo-22    parasilo-24    parasilo-25    parasilo-26    parasilo-27    parasilo-28    parasilo-3     parasilo-4     parasilo-5     parasilo-6     parasilo-7     parasilo-8     parasilo-9     
parasilo-2     27.593         45.603         48.53          47.837         47.081         44.719         54.472         23.668         26.508         24.932         23.399         20.259         48.266         50.241         40.05          52.9           
parasilo-20    45.603         27.038         45.158         43.192         46.562         43.362         47.894         21.74          22.63          22.279         23.395         22.678         44.693         46.454         49.738         47.745         
parasilo-21    48.53          45.158         20.337         50.767         45.862         46.288         55.39          24.554         26.772         24.294         24.738         25.03          46.964         50.955         43.565         55.202         
parasilo-22    47.837         43.192         50.767         26.365         46.406         49.569         50.534         26.991         27.188         24.762         23.492         24.131         39.694         49.651         45.722         52.155         
parasilo-24    47.081         46.562         45.862         46.406         31.167         45.542         51.669         26.036         22.412         22.106         21.898         22.125         49.717         49.998         40.445         50.65          
parasilo-25    44.719         43.362         46.288         49.569         45.542         24.684         56.811         26.246         26.239         27.935         27.824         25.927         54.271         50.85          48.273         53.687         
parasilo-26    54.472         47.894         55.39          50.534         51.669         56.811         49.934         30.85          29.435         27.428         27.928         28.449         52.662         56.561         53.559         55.847         
parasilo-27    23.668         21.74          24.554         26.991         26.036         26.246         30.85          4.559          4.676          2.758          3.122          1.953          27.786         29.095         25.687         33.129         
parasilo-28    26.508         22.63          26.772         27.188         22.412         26.239         29.435         4.676          3.021          4.886          5.44           4.374          30.75          27.115         24.615         28.892         
parasilo-3     24.932         22.279         24.294         24.762         22.106         27.935         27.428         2.758          4.886          2.206          5.0            6.509          25.626         27.874         23.063         30.933         
parasilo-4     23.399         23.395         24.738         23.492         21.898         27.824         27.928         3.122          5.44           5.0            1.099          4.471          24.747         29.349         20.674         29.952         
parasilo-5     20.259         22.678         25.03          24.131         22.125         25.927         28.449         1.953          4.374          6.509          4.471          0.519          26.224         27.432         19.249         28.909         
parasilo-6     48.266         44.693         46.964         39.694         49.717         54.271         52.662         27.786         30.75          25.626         24.747         26.224         26.039         54.555         47.224         55.3           
parasilo-7     50.241         46.454         50.955         49.651         49.998         50.85          56.561         29.095         27.115         27.874         29.349         27.432         54.555         29.051         48.247         57.384         
parasilo-8     40.05          49.738         43.565         45.722         40.445         48.273         53.559         25.687         24.615         23.063         20.674         19.249         47.224         48.247         16.548         50.027         
parasilo-9     52.9           47.745         55.202         52.155         50.65          53.687         55.847         33.129         28.892         30.933         29.952         28.909         55.3           57.384         50.027         38.113         

[0m[2024-02-17T13:44:38] [RES_MNGR] Shortest path nodes: ['parasilo-5', 'parasilo-27', 'parasilo-28', 'parasilo-4', 'parasilo-3', 'parasilo-8', 'parasilo-2', 'parasilo-24', 'parasilo-20', 'parasilo-22', 'parasilo-21', 'parasilo-25', 'parasilo-6', 'parasilo-7', 'parasilo-26', 'parasilo-9']
[0m[2024-02-17T13:44:38] [RES_MNGR] Observed delays: [0, 1.953, 4.3740000000000006, 4.470799999999999, 6.509399999999999, 19.249399999999998, 20.2594, 22.125400000000003, 22.677999999999997, 24.130599999999998, 25.03, 25.926799999999997, 26.223799999999994, 27.431599999999996, 28.44889999999999, 28.908800000000003, 4.675999999999999]
[0m[2024-02-17T13:44:38] [RES_MNGR] NDmax: 57.3839
/transscale/utils/prediction/models/ParallelismModel.py:39: OptimizeWarning: Covariance of the parameters could not be estimated
  popt, _ = curve_fit(lambda x, alpha, gamma: alpha * x[0] - gamma * x[1],
[0m[2024-02-17T13:44:38] [COMBO_CTRL] Reconf: Scale Up Window(TumblingEventTimeWindows(1000),_EventTimeTrigger,_TimeEvictor,_CoGroupWindowFunction)<br/>+-_Timestamps/Watermarks from par 1
[0;96m[2024-02-17T13:44:38] [DEBUG] + [PRED_MATRIX] Current prediction matrix is:
 [[      0.       0.       0.]
 [      0.   54474.  108948.]
 [      0.  108948.  217896.]
 [      0.  163422.  326844.]
 [      0.  217896.  435792.]
 [      0.  272370.  544740.]
 [      0.  326844.  653688.]
 [      0.  381318.  762636.]
 [      0.  435792.  871584.]
 [      0.  490266.  980532.]
 [      0.  544740. 1089480.]
 [      0.  599214. 1198428.]
 [      0.  653688. 1307376.]
 [      0.  708162. 1416324.]
 [      0.  762636. 1525272.]
 [      0.  817110. 1634220.]
 [      0.  871584. 1743168.]] [0m
[0;96m[2024-02-17T13:44:38] [DEBUG] + [PRED_MATRIX] 	par, transp: 1, 1 target tput: 54474 new_tput %: 54474.0 tput diff %: 0  [0m
[0;96m[2024-02-17T13:44:38] [DEBUG] + [PRED_MATRIX] 	par, transp: 1, 2 target tput: 54474 new_tput %: 108948.0 tput diff %: 50.0 ADDED [0m
[0;96m[2024-02-17T13:44:38] [DEBUG] + [PRED_MATRIX] 	par, transp: 2, 1 target tput: 54474 new_tput %: 108948.0 tput diff %: 50.0 ADDED [0m
[0;96m[2024-02-17T13:44:38] [DEBUG] + [PRED_MATRIX] Scaling Possibilities: [(1, 2), (2, 1)] [0m

[0;96m[2024-02-17T13:44:38] [DEBUG] + 	Getting overview info from url http://flink-jobmanager:8081/overview [0m
[0m[2024-02-17T13:44:38] 
*******************************************************
[0m[2024-02-17T13:44:38] [RES_MNGR] Re-configuring PARALLELISM
[0m[2024-02-17T13:44:38] 	Current Parallelism: 1
[0m[2024-02-17T13:44:38] 	Target Parallelism: 2
[0m[2024-02-17T13:44:38] [RES_MNGR] Stopping Flink for re-configuration...
[0m[2024-02-17T13:44:42] Running command ['/bin/sh', '-c', 'flink stop 81f11fc0c557363c2b1303008acddadb'] on pod flink-jobmanager-5bc8b4d75c-bj4tm
[0m[2024-02-17T13:45:09] [RES_MNGR] Re-scaling number of task managers...
[0;96m[2024-02-17T13:45:09] [DEBUG] + 	Getting overview info from url http://flink-jobmanager:8081/overview [0m
[0m[2024-02-17T13:45:09] [RES_MNGR] Average network latencies
[0m[2024-02-17T13:45:09] 
               parasilo-2     parasilo-20    parasilo-21    parasilo-22    parasilo-24    parasilo-25    parasilo-26    parasilo-27    parasilo-28    parasilo-3     parasilo-4     parasilo-5     parasilo-6     parasilo-7     parasilo-8     parasilo-9     
parasilo-2     28.494         48.42          49.686         53.217         49.86          41.731         50.349         23.224         23.712         26.216         26.87          24.68          47.14          48.234         42.556         49.002         
parasilo-20    48.42          31.376         49.713         50.389         51.2           41.298         48.347         23.137         22.337         24.803         25.949         26.017         49.162         42.289         53.933         47.324         
parasilo-21    49.686         49.713         18.777         55.343         48.335         41.2           53.004         24.782         26.677         25.137         26.332         26.515         46.04          48.678         45.154         52.273         
parasilo-22    53.217         50.389         55.343         33.51          51.031         47.26          53.43          28.538         28.914         29.154         29.974         29.843         46.219         49.352         50.449         52.636         
parasilo-24    49.86          51.2           48.335         51.031         35.193         43.873         53.03          25.37          26.042         25.764         24.459         24.157         50.052         50.434         42.597         49.051         
parasilo-25    41.731         41.298         41.2           47.26          43.873         21.425         48.665         21.456         20.707         23.162         20.135         21.356         48.021         45.496         45.062         45.054         
parasilo-26    50.349         48.347         53.004         53.43          53.03          48.665         43.42          22.578         24.823         26.189         28.897         27.424         47.418         52.439         52.596         49.189         
parasilo-27    23.224         23.137         24.782         28.538         25.37          21.456         22.578         0.615          4.848          5.83           4.793          4.097          23.36          24.552         24.132         23.743         
parasilo-28    23.712         22.337         26.677         28.914         26.042         20.707         24.823         4.848          1.184          4.469          4.393          4.014          26.598         23.401         25.271         23.762         
parasilo-3     26.216         24.803         25.137         29.154         25.764         23.162         26.189         5.83           4.469          1.838          5.324          6.507          24.318         24.051         26.251         28.207         
parasilo-4     26.87          25.949         26.332         29.974         24.459         20.135         28.897         4.793          4.393          5.324          0.667          3.631          28.591         27.054         26.092         27.28          
parasilo-5     24.68          26.017         26.515         29.843         24.157         21.356         27.424         4.097          4.014          6.507          3.631          3.321          27.325         26.044         24.094         26.36          
parasilo-6     47.14          49.162         46.04          46.219         50.052         48.021         47.418         23.36          26.598         24.318         28.591         27.325         24.313         48.736         46.733         51.954         
parasilo-7     48.234         42.289         48.678         49.352         50.434         45.496         52.439         24.552         23.401         24.051         27.054         26.044         48.736         22.378         48.328         51.304         
parasilo-8     42.556         53.933         45.154         50.449         42.597         45.062         52.596         24.132         25.271         26.251         26.092         24.094         46.733         48.328         12.478         45.764         
parasilo-9     49.002         47.324         52.273         52.636         49.051         45.054         49.189         23.743         23.762         28.207         27.28          26.36          51.954         51.304         45.764         32.006         

[0m[2024-02-17T13:45:09] [RES_MNGR] Shortest path nodes: ['parasilo-5', 'parasilo-4']
[0m[2024-02-17T13:45:09] [RES_MNGR] Observed delays: [0, 3.6309999999999993]
[0m[2024-02-17T13:45:09] [RES_MNGR] NDmax: 29.974200000000003
[0;96m[2024-02-17T13:45:09] [DEBUG] + 	 Running taskmanager reset: target_par 0  [0m
[0m[2024-02-17T13:45:09] Deployment flink-taskmanager scaled to 0 replica.
[0;96m[2024-02-17T13:45:12] [DEBUG] + 	 Running taskmanager rescale: target_par 2  [0m
[0m[2024-02-17T13:45:12] Deployment flink-taskmanager scaled to 2 replica.
[0;96m[2024-02-17T13:45:17] [DEBUG] + 	Getting overview info from url http://flink-jobmanager:8081/overview [0m
[0;96m[2024-02-17T13:45:17] [DEBUG] + 	Current Taskmanagers: 0 [0m
[0;96m[2024-02-17T13:45:17] [DEBUG] + 	Target Parallelism: 2 [0m
[0;96m[2024-02-17T13:45:22] [DEBUG] + 	Getting overview info from url http://flink-jobmanager:8081/overview [0m
[0;96m[2024-02-17T13:45:22] [DEBUG] + 	Current Taskmanagers: 2 [0m
[0;96m[2024-02-17T13:45:22] [DEBUG] + 	Target Parallelism: 2 [0m
[0m[2024-02-17T13:45:22] [RES_MNGR] Resuming Flink with new configuration...
[0m[2024-02-17T13:45:22] Running job /tmp/jobs/myjoin-transscale-all.jar
[0m[2024-02-17T13:45:26] Running command ['/bin/sh', '-c', "flink run -s s3://flink-bucket/savepoints/savepoint-81f11f-8002f2b96040 -d -j /tmp/jobs/myjoin-transscale-all.jar --parmap 'Sink__Sink:1;Window(TumblingEventTimeWindows(1000),_EventTimeTrigger,_TimeEvictor,_CoGroupWindowFunction)<br/>+-_Timestamps/Watermarks:2;Timestamps/Watermarks<br/>+-_Map:1;Source__Source1:1;Timestamps/Watermarks<br/>+-_Map:1;Source__Source2:1'"] on pod flink-jobmanager-5bc8b4d75c-bj4tm
[0;96m[2024-02-17T13:45:51] [DEBUG] + Job is running, waiting to check for errors [0m
[0m[2024-02-17T13:46:06] 
*******************************************************
[0m[2024-02-17T13:46:06] Warming up for 240 seconds
[0m[2024-02-17T13:50:06] [MONITOR]: Retrieving job details from flink-jobmanager:8081 ...
[0m[2024-02-17T13:50:06] [MONITOR]:: Details about the job:
[0m[2024-02-17T13:50:06] 	 Job ID: 79ac439bc67bc6f456fc7673f6390872
[0m[2024-02-17T13:50:06] 	 Operators: 6
[0m[2024-02-17T13:50:06] TRANSSCALE:: Monitoring the throughput and back pressure every 60 seconds...
[0m[2024-02-17T13:51:06] 
TRANSSCALE:: Periodic Monitoring...
[0;96m[2024-02-17T13:51:06] [DEBUG] + 	Getting operator out throughput from url http://flink-jobmanager:8081/jobs/79ac439bc67bc6f456fc7673f6390872/vertices/41a95396e613c9f62f1da16142d5ddd2/subtasks/metrics?get=numRecordsOutPerSecond [0m
[0;96m[2024-02-17T13:51:06] [DEBUG] + 	Getting operator in throughput from url http://flink-jobmanager:8081/jobs/79ac439bc67bc6f456fc7673f6390872/vertices/41a95396e613c9f62f1da16142d5ddd2/subtasks/metrics?get=numRecordsInPerSecond [0m
[0;96m[2024-02-17T13:51:06] [DEBUG] + 	Getting operator (41a95396e613c9f62f1da16142d5ddd2) backpressure from url http://flink-jobmanager:8081/jobs/79ac439bc67bc6f456fc7673f6390872/vertices/41a95396e613c9f62f1da16142d5ddd2/subtasks/metrics?get=backPressuredTimeMsPerSecond [0m
[0;96m[2024-02-17T13:51:06] [DEBUG] + 	Getting operator (41a95396e613c9f62f1da16142d5ddd2) busyness from url http://flink-jobmanager:8081/jobs/79ac439bc67bc6f456fc7673f6390872/vertices/41a95396e613c9f62f1da16142d5ddd2/subtasks/metrics?get=busyTimeMsPerSecond [0m
[0;96m[2024-02-17T13:51:06] [DEBUG] + 	Getting operator out throughput from url http://flink-jobmanager:8081/jobs/79ac439bc67bc6f456fc7673f6390872/vertices/32f0ffe0b6f0b990239bb81cec28b9d8/subtasks/metrics?get=numRecordsOutPerSecond [0m
[0;96m[2024-02-17T13:51:06] [DEBUG] + 	Getting operator in throughput from url http://flink-jobmanager:8081/jobs/79ac439bc67bc6f456fc7673f6390872/vertices/32f0ffe0b6f0b990239bb81cec28b9d8/subtasks/metrics?get=numRecordsInPerSecond [0m
[0;96m[2024-02-17T13:51:06] [DEBUG] + 	Getting operator (32f0ffe0b6f0b990239bb81cec28b9d8) backpressure from url http://flink-jobmanager:8081/jobs/79ac439bc67bc6f456fc7673f6390872/vertices/32f0ffe0b6f0b990239bb81cec28b9d8/subtasks/metrics?get=backPressuredTimeMsPerSecond [0m
[0;96m[2024-02-17T13:51:06] [DEBUG] + 	Getting operator (32f0ffe0b6f0b990239bb81cec28b9d8) busyness from url http://flink-jobmanager:8081/jobs/79ac439bc67bc6f456fc7673f6390872/vertices/32f0ffe0b6f0b990239bb81cec28b9d8/subtasks/metrics?get=busyTimeMsPerSecond [0m
[0;96m[2024-02-17T13:51:06] [DEBUG] + 	Getting operator out throughput from url http://flink-jobmanager:8081/jobs/79ac439bc67bc6f456fc7673f6390872/vertices/31ec045e3401e87fc7879b43d8e8625d/subtasks/metrics?get=numRecordsOutPerSecond [0m
[0;96m[2024-02-17T13:51:06] [DEBUG] + 	Getting operator in throughput from url http://flink-jobmanager:8081/jobs/79ac439bc67bc6f456fc7673f6390872/vertices/31ec045e3401e87fc7879b43d8e8625d/subtasks/metrics?get=numRecordsInPerSecond [0m
[0;96m[2024-02-17T13:51:06] [DEBUG] + 	Getting operator (31ec045e3401e87fc7879b43d8e8625d) backpressure from url http://flink-jobmanager:8081/jobs/79ac439bc67bc6f456fc7673f6390872/vertices/31ec045e3401e87fc7879b43d8e8625d/subtasks/metrics?get=backPressuredTimeMsPerSecond [0m
[0;96m[2024-02-17T13:51:06] [DEBUG] + 	Getting operator (31ec045e3401e87fc7879b43d8e8625d) busyness from url http://flink-jobmanager:8081/jobs/79ac439bc67bc6f456fc7673f6390872/vertices/31ec045e3401e87fc7879b43d8e8625d/subtasks/metrics?get=busyTimeMsPerSecond [0m
[0;96m[2024-02-17T13:51:06] [DEBUG] + 	Getting operator out throughput from url http://flink-jobmanager:8081/jobs/79ac439bc67bc6f456fc7673f6390872/vertices/dca33db40b2f8f122636cd5297c0c511/subtasks/metrics?get=numRecordsOutPerSecond [0m
[0;96m[2024-02-17T13:51:06] [DEBUG] + 	Getting operator in throughput from url http://flink-jobmanager:8081/jobs/79ac439bc67bc6f456fc7673f6390872/vertices/dca33db40b2f8f122636cd5297c0c511/subtasks/metrics?get=numRecordsInPerSecond [0m
[0;96m[2024-02-17T13:51:06] [DEBUG] + 	Getting operator (dca33db40b2f8f122636cd5297c0c511) backpressure from url http://flink-jobmanager:8081/jobs/79ac439bc67bc6f456fc7673f6390872/vertices/dca33db40b2f8f122636cd5297c0c511/subtasks/metrics?get=backPressuredTimeMsPerSecond [0m
[0;96m[2024-02-17T13:51:06] [DEBUG] + 	Getting operator (dca33db40b2f8f122636cd5297c0c511) busyness from url http://flink-jobmanager:8081/jobs/79ac439bc67bc6f456fc7673f6390872/vertices/dca33db40b2f8f122636cd5297c0c511/subtasks/metrics?get=busyTimeMsPerSecond [0m
[0;96m[2024-02-17T13:51:06] [DEBUG] + 	Getting operator out throughput from url http://flink-jobmanager:8081/jobs/79ac439bc67bc6f456fc7673f6390872/vertices/e926317ddf99720773e3c7f4f412c3d7/subtasks/metrics?get=numRecordsOutPerSecond [0m
[0;96m[2024-02-17T13:51:06] [DEBUG] + 	Getting operator in throughput from url http://flink-jobmanager:8081/jobs/79ac439bc67bc6f456fc7673f6390872/vertices/e926317ddf99720773e3c7f4f412c3d7/subtasks/metrics?get=numRecordsInPerSecond [0m
[0;96m[2024-02-17T13:51:06] [DEBUG] + 	Getting operator (e926317ddf99720773e3c7f4f412c3d7) backpressure from url http://flink-jobmanager:8081/jobs/79ac439bc67bc6f456fc7673f6390872/vertices/e926317ddf99720773e3c7f4f412c3d7/subtasks/metrics?get=backPressuredTimeMsPerSecond [0m
[0;96m[2024-02-17T13:51:06] [DEBUG] + 	Getting operator (e926317ddf99720773e3c7f4f412c3d7) busyness from url http://flink-jobmanager:8081/jobs/79ac439bc67bc6f456fc7673f6390872/vertices/e926317ddf99720773e3c7f4f412c3d7/subtasks/metrics?get=busyTimeMsPerSecond [0m
[0;96m[2024-02-17T13:51:06] [DEBUG] + 	Getting operator out throughput from url http://flink-jobmanager:8081/jobs/79ac439bc67bc6f456fc7673f6390872/vertices/9c7327831b3b5b4ae2c580979f474a9c/subtasks/metrics?get=numRecordsOutPerSecond [0m
