[0m[2024-02-17T14:38:29] TRANSSCALE:: Starting auto-scaler...

[0m[2024-02-17T14:38:29] [LOGGER] New debug level: 1
[0m[2024-02-17T14:38:29] Starting RTT matrix update thread
[0;96m[2024-02-17T14:38:29] [DEBUG] + [RECONF_MNGR] Selected strategy is transscale.strategies.ParallelismOnly [0m
[0;96m[2024-02-17T14:38:29] [DEBUG] + [RECONF_MNGR] Strategy imported [0m
[0;96m[2024-02-17T14:38:29] [DEBUG] +  [0m[0m[2024-02-17T14:38:29] [RECONF_STRAT] Using PARALLELISM ONLY strategy
[0m[2024-02-17T14:38:29] [MONITOR]: Retrieving job details from flink-jobmanager:8081 ...
[0m[2024-02-17T14:38:29] [MONITOR]:: Details about the job:
[0m[2024-02-17T14:38:29] 	 Job ID: e0f777289aa7391e89b53028cd4a3155
[0m[2024-02-17T14:38:29] 	 Operators: 6
[0m[2024-02-17T14:38:29] 
*******************************************************
[0m[2024-02-17T14:38:29] Warming up for 240 seconds
[0m[2024-02-17T14:42:29] [MONITOR]: Retrieving job details from flink-jobmanager:8081 ...
[0m[2024-02-17T14:42:29] [MONITOR]:: Details about the job:
[0m[2024-02-17T14:42:29] 	 Job ID: e0f777289aa7391e89b53028cd4a3155
[0m[2024-02-17T14:42:29] 	 Operators: 6
[0m[2024-02-17T14:42:29] TRANSSCALE:: Monitoring the throughput and back pressure every 60 seconds...
[0m[2024-02-17T14:43:29] 
TRANSSCALE:: Periodic Monitoring...
[0;96m[2024-02-17T14:43:29] [DEBUG] + 	Getting operator out throughput from url http://flink-jobmanager:8081/jobs/e0f777289aa7391e89b53028cd4a3155/vertices/41a95396e613c9f62f1da16142d5ddd2/subtasks/metrics?get=numRecordsOutPerSecond [0m
[0;96m[2024-02-17T14:43:29] [DEBUG] + 	Getting operator in throughput from url http://flink-jobmanager:8081/jobs/e0f777289aa7391e89b53028cd4a3155/vertices/41a95396e613c9f62f1da16142d5ddd2/subtasks/metrics?get=numRecordsInPerSecond [0m
[0;96m[2024-02-17T14:43:29] [DEBUG] + 	Getting operator (41a95396e613c9f62f1da16142d5ddd2) backpressure from url http://flink-jobmanager:8081/jobs/e0f777289aa7391e89b53028cd4a3155/vertices/41a95396e613c9f62f1da16142d5ddd2/subtasks/metrics?get=backPressuredTimeMsPerSecond [0m
[0;96m[2024-02-17T14:43:29] [DEBUG] + 	Getting operator (41a95396e613c9f62f1da16142d5ddd2) busyness from url http://flink-jobmanager:8081/jobs/e0f777289aa7391e89b53028cd4a3155/vertices/41a95396e613c9f62f1da16142d5ddd2/subtasks/metrics?get=busyTimeMsPerSecond [0m
[0;96m[2024-02-17T14:43:29] [DEBUG] + 	Getting operator out throughput from url http://flink-jobmanager:8081/jobs/e0f777289aa7391e89b53028cd4a3155/vertices/32f0ffe0b6f0b990239bb81cec28b9d8/subtasks/metrics?get=numRecordsOutPerSecond [0m
[0;96m[2024-02-17T14:43:29] [DEBUG] + 	Getting operator in throughput from url http://flink-jobmanager:8081/jobs/e0f777289aa7391e89b53028cd4a3155/vertices/32f0ffe0b6f0b990239bb81cec28b9d8/subtasks/metrics?get=numRecordsInPerSecond [0m
[0;96m[2024-02-17T14:43:29] [DEBUG] + 	Getting operator (32f0ffe0b6f0b990239bb81cec28b9d8) backpressure from url http://flink-jobmanager:8081/jobs/e0f777289aa7391e89b53028cd4a3155/vertices/32f0ffe0b6f0b990239bb81cec28b9d8/subtasks/metrics?get=backPressuredTimeMsPerSecond [0m
[0;96m[2024-02-17T14:43:29] [DEBUG] + 	Getting operator (32f0ffe0b6f0b990239bb81cec28b9d8) busyness from url http://flink-jobmanager:8081/jobs/e0f777289aa7391e89b53028cd4a3155/vertices/32f0ffe0b6f0b990239bb81cec28b9d8/subtasks/metrics?get=busyTimeMsPerSecond [0m
[0;96m[2024-02-17T14:43:29] [DEBUG] + 	Getting operator out throughput from url http://flink-jobmanager:8081/jobs/e0f777289aa7391e89b53028cd4a3155/vertices/31ec045e3401e87fc7879b43d8e8625d/subtasks/metrics?get=numRecordsOutPerSecond [0m
[0;96m[2024-02-17T14:43:29] [DEBUG] + 	Getting operator in throughput from url http://flink-jobmanager:8081/jobs/e0f777289aa7391e89b53028cd4a3155/vertices/31ec045e3401e87fc7879b43d8e8625d/subtasks/metrics?get=numRecordsInPerSecond [0m
[0;96m[2024-02-17T14:43:29] [DEBUG] + 	Getting operator (31ec045e3401e87fc7879b43d8e8625d) backpressure from url http://flink-jobmanager:8081/jobs/e0f777289aa7391e89b53028cd4a3155/vertices/31ec045e3401e87fc7879b43d8e8625d/subtasks/metrics?get=backPressuredTimeMsPerSecond [0m
[0;96m[2024-02-17T14:43:29] [DEBUG] + 	Getting operator (31ec045e3401e87fc7879b43d8e8625d) busyness from url http://flink-jobmanager:8081/jobs/e0f777289aa7391e89b53028cd4a3155/vertices/31ec045e3401e87fc7879b43d8e8625d/subtasks/metrics?get=busyTimeMsPerSecond [0m
[0;96m[2024-02-17T14:43:29] [DEBUG] + 	Getting operator out throughput from url http://flink-jobmanager:8081/jobs/e0f777289aa7391e89b53028cd4a3155/vertices/dca33db40b2f8f122636cd5297c0c511/subtasks/metrics?get=numRecordsOutPerSecond [0m
[0;96m[2024-02-17T14:43:29] [DEBUG] + 	Getting operator in throughput from url http://flink-jobmanager:8081/jobs/e0f777289aa7391e89b53028cd4a3155/vertices/dca33db40b2f8f122636cd5297c0c511/subtasks/metrics?get=numRecordsInPerSecond [0m
[0;96m[2024-02-17T14:43:29] [DEBUG] + 	Getting operator (dca33db40b2f8f122636cd5297c0c511) backpressure from url http://flink-jobmanager:8081/jobs/e0f777289aa7391e89b53028cd4a3155/vertices/dca33db40b2f8f122636cd5297c0c511/subtasks/metrics?get=backPressuredTimeMsPerSecond [0m
[0;96m[2024-02-17T14:43:29] [DEBUG] + 	Getting operator (dca33db40b2f8f122636cd5297c0c511) busyness from url http://flink-jobmanager:8081/jobs/e0f777289aa7391e89b53028cd4a3155/vertices/dca33db40b2f8f122636cd5297c0c511/subtasks/metrics?get=busyTimeMsPerSecond [0m
[0;96m[2024-02-17T14:43:29] [DEBUG] + 	Getting operator out throughput from url http://flink-jobmanager:8081/jobs/e0f777289aa7391e89b53028cd4a3155/vertices/e926317ddf99720773e3c7f4f412c3d7/subtasks/metrics?get=numRecordsOutPerSecond [0m
[0;96m[2024-02-17T14:43:29] [DEBUG] + 	Getting operator in throughput from url http://flink-jobmanager:8081/jobs/e0f777289aa7391e89b53028cd4a3155/vertices/e926317ddf99720773e3c7f4f412c3d7/subtasks/metrics?get=numRecordsInPerSecond [0m
[0;96m[2024-02-17T14:43:29] [DEBUG] + 	Getting operator (e926317ddf99720773e3c7f4f412c3d7) backpressure from url http://flink-jobmanager:8081/jobs/e0f777289aa7391e89b53028cd4a3155/vertices/e926317ddf99720773e3c7f4f412c3d7/subtasks/metrics?get=backPressuredTimeMsPerSecond [0m
[0;96m[2024-02-17T14:43:29] [DEBUG] + 	Getting operator (e926317ddf99720773e3c7f4f412c3d7) busyness from url http://flink-jobmanager:8081/jobs/e0f777289aa7391e89b53028cd4a3155/vertices/e926317ddf99720773e3c7f4f412c3d7/subtasks/metrics?get=busyTimeMsPerSecond [0m
[0;96m[2024-02-17T14:43:29] [DEBUG] + 	Getting operator out throughput from url http://flink-jobmanager:8081/jobs/e0f777289aa7391e89b53028cd4a3155/vertices/9c7327831b3b5b4ae2c580979f474a9c/subtasks/metrics?get=numRecordsOutPerSecond [0m
[0;96m[2024-02-17T14:43:29] [DEBUG] + 	Getting operator in throughput from url http://flink-jobmanager:8081/jobs/e0f777289aa7391e89b53028cd4a3155/vertices/9c7327831b3b5b4ae2c580979f474a9c/subtasks/metrics?get=numRecordsInPerSecond [0m
[0;96m[2024-02-17T14:43:29] [DEBUG] + 	Getting operator (9c7327831b3b5b4ae2c580979f474a9c) backpressure from url http://flink-jobmanager:8081/jobs/e0f777289aa7391e89b53028cd4a3155/vertices/9c7327831b3b5b4ae2c580979f474a9c/subtasks/metrics?get=backPressuredTimeMsPerSecond [0m
[0;96m[2024-02-17T14:43:29] [DEBUG] + 	Getting operator (9c7327831b3b5b4ae2c580979f474a9c) busyness from url http://flink-jobmanager:8081/jobs/e0f777289aa7391e89b53028cd4a3155/vertices/9c7327831b3b5b4ae2c580979f474a9c/subtasks/metrics?get=busyTimeMsPerSecond [0m
[0m[2024-02-17T14:43:29] [MONITOR]:: Runtime performance metrics:
[0m[2024-02-17T14:43:29] 	 Job Run Time: 314741 ms

[0;93m[2024-02-17T14:43:29] [WARNING]Back Pressure Level of some operator is HIGH[0m
[0;93m[2024-02-17T14:43:29] [WARNING]Bottleneck detected: 32f0ffe0b6f0b990239bb81cec28b9d8[0m
[0m[2024-02-17T14:43:29] Waiting to check again the backpressure after 60 seconds...
[0;96m[2024-02-17T14:44:29] [DEBUG] + 	Getting operator out throughput from url http://flink-jobmanager:8081/jobs/e0f777289aa7391e89b53028cd4a3155/vertices/41a95396e613c9f62f1da16142d5ddd2/subtasks/metrics?get=numRecordsOutPerSecond [0m
[0;96m[2024-02-17T14:44:29] [DEBUG] + 	Getting operator in throughput from url http://flink-jobmanager:8081/jobs/e0f777289aa7391e89b53028cd4a3155/vertices/41a95396e613c9f62f1da16142d5ddd2/subtasks/metrics?get=numRecordsInPerSecond [0m
[0;96m[2024-02-17T14:44:29] [DEBUG] + 	Getting operator (41a95396e613c9f62f1da16142d5ddd2) backpressure from url http://flink-jobmanager:8081/jobs/e0f777289aa7391e89b53028cd4a3155/vertices/41a95396e613c9f62f1da16142d5ddd2/subtasks/metrics?get=backPressuredTimeMsPerSecond [0m
[0;96m[2024-02-17T14:44:29] [DEBUG] + 	Getting operator (41a95396e613c9f62f1da16142d5ddd2) busyness from url http://flink-jobmanager:8081/jobs/e0f777289aa7391e89b53028cd4a3155/vertices/41a95396e613c9f62f1da16142d5ddd2/subtasks/metrics?get=busyTimeMsPerSecond [0m
[0;96m[2024-02-17T14:44:29] [DEBUG] + 	Getting operator out throughput from url http://flink-jobmanager:8081/jobs/e0f777289aa7391e89b53028cd4a3155/vertices/32f0ffe0b6f0b990239bb81cec28b9d8/subtasks/metrics?get=numRecordsOutPerSecond [0m
[0;96m[2024-02-17T14:44:29] [DEBUG] + 	Getting operator in throughput from url http://flink-jobmanager:8081/jobs/e0f777289aa7391e89b53028cd4a3155/vertices/32f0ffe0b6f0b990239bb81cec28b9d8/subtasks/metrics?get=numRecordsInPerSecond [0m
[0;96m[2024-02-17T14:44:29] [DEBUG] + 	Getting operator (32f0ffe0b6f0b990239bb81cec28b9d8) backpressure from url http://flink-jobmanager:8081/jobs/e0f777289aa7391e89b53028cd4a3155/vertices/32f0ffe0b6f0b990239bb81cec28b9d8/subtasks/metrics?get=backPressuredTimeMsPerSecond [0m
[0;96m[2024-02-17T14:44:29] [DEBUG] + 	Getting operator (32f0ffe0b6f0b990239bb81cec28b9d8) busyness from url http://flink-jobmanager:8081/jobs/e0f777289aa7391e89b53028cd4a3155/vertices/32f0ffe0b6f0b990239bb81cec28b9d8/subtasks/metrics?get=busyTimeMsPerSecond [0m
[0;96m[2024-02-17T14:44:29] [DEBUG] + 	Getting operator out throughput from url http://flink-jobmanager:8081/jobs/e0f777289aa7391e89b53028cd4a3155/vertices/31ec045e3401e87fc7879b43d8e8625d/subtasks/metrics?get=numRecordsOutPerSecond [0m
[0;96m[2024-02-17T14:44:29] [DEBUG] + 	Getting operator in throughput from url http://flink-jobmanager:8081/jobs/e0f777289aa7391e89b53028cd4a3155/vertices/31ec045e3401e87fc7879b43d8e8625d/subtasks/metrics?get=numRecordsInPerSecond [0m
[0;96m[2024-02-17T14:44:29] [DEBUG] + 	Getting operator (31ec045e3401e87fc7879b43d8e8625d) backpressure from url http://flink-jobmanager:8081/jobs/e0f777289aa7391e89b53028cd4a3155/vertices/31ec045e3401e87fc7879b43d8e8625d/subtasks/metrics?get=backPressuredTimeMsPerSecond [0m
[0;96m[2024-02-17T14:44:29] [DEBUG] + 	Getting operator (31ec045e3401e87fc7879b43d8e8625d) busyness from url http://flink-jobmanager:8081/jobs/e0f777289aa7391e89b53028cd4a3155/vertices/31ec045e3401e87fc7879b43d8e8625d/subtasks/metrics?get=busyTimeMsPerSecond [0m
[0;96m[2024-02-17T14:44:30] [DEBUG] + 	Getting operator out throughput from url http://flink-jobmanager:8081/jobs/e0f777289aa7391e89b53028cd4a3155/vertices/dca33db40b2f8f122636cd5297c0c511/subtasks/metrics?get=numRecordsOutPerSecond [0m
[0;96m[2024-02-17T14:44:30] [DEBUG] + 	Getting operator in throughput from url http://flink-jobmanager:8081/jobs/e0f777289aa7391e89b53028cd4a3155/vertices/dca33db40b2f8f122636cd5297c0c511/subtasks/metrics?get=numRecordsInPerSecond [0m
[0;96m[2024-02-17T14:44:30] [DEBUG] + 	Getting operator (dca33db40b2f8f122636cd5297c0c511) backpressure from url http://flink-jobmanager:8081/jobs/e0f777289aa7391e89b53028cd4a3155/vertices/dca33db40b2f8f122636cd5297c0c511/subtasks/metrics?get=backPressuredTimeMsPerSecond [0m
[0;96m[2024-02-17T14:44:30] [DEBUG] + 	Getting operator (dca33db40b2f8f122636cd5297c0c511) busyness from url http://flink-jobmanager:8081/jobs/e0f777289aa7391e89b53028cd4a3155/vertices/dca33db40b2f8f122636cd5297c0c511/subtasks/metrics?get=busyTimeMsPerSecond [0m
[0;96m[2024-02-17T14:44:30] [DEBUG] + 	Getting operator out throughput from url http://flink-jobmanager:8081/jobs/e0f777289aa7391e89b53028cd4a3155/vertices/e926317ddf99720773e3c7f4f412c3d7/subtasks/metrics?get=numRecordsOutPerSecond [0m
[0;96m[2024-02-17T14:44:30] [DEBUG] + 	Getting operator in throughput from url http://flink-jobmanager:8081/jobs/e0f777289aa7391e89b53028cd4a3155/vertices/e926317ddf99720773e3c7f4f412c3d7/subtasks/metrics?get=numRecordsInPerSecond [0m
[0;96m[2024-02-17T14:44:30] [DEBUG] + 	Getting operator (e926317ddf99720773e3c7f4f412c3d7) backpressure from url http://flink-jobmanager:8081/jobs/e0f777289aa7391e89b53028cd4a3155/vertices/e926317ddf99720773e3c7f4f412c3d7/subtasks/metrics?get=backPressuredTimeMsPerSecond [0m
[0;96m[2024-02-17T14:44:30] [DEBUG] + 	Getting operator (e926317ddf99720773e3c7f4f412c3d7) busyness from url http://flink-jobmanager:8081/jobs/e0f777289aa7391e89b53028cd4a3155/vertices/e926317ddf99720773e3c7f4f412c3d7/subtasks/metrics?get=busyTimeMsPerSecond [0m
[0;96m[2024-02-17T14:44:30] [DEBUG] + 	Getting operator out throughput from url http://flink-jobmanager:8081/jobs/e0f777289aa7391e89b53028cd4a3155/vertices/9c7327831b3b5b4ae2c580979f474a9c/subtasks/metrics?get=numRecordsOutPerSecond [0m
[0;96m[2024-02-17T14:44:30] [DEBUG] + 	Getting operator in throughput from url http://flink-jobmanager:8081/jobs/e0f777289aa7391e89b53028cd4a3155/vertices/9c7327831b3b5b4ae2c580979f474a9c/subtasks/metrics?get=numRecordsInPerSecond [0m
[0;96m[2024-02-17T14:44:30] [DEBUG] + 	Getting operator (9c7327831b3b5b4ae2c580979f474a9c) backpressure from url http://flink-jobmanager:8081/jobs/e0f777289aa7391e89b53028cd4a3155/vertices/9c7327831b3b5b4ae2c580979f474a9c/subtasks/metrics?get=backPressuredTimeMsPerSecond [0m
[0;96m[2024-02-17T14:44:30] [DEBUG] + 	Getting operator (9c7327831b3b5b4ae2c580979f474a9c) busyness from url http://flink-jobmanager:8081/jobs/e0f777289aa7391e89b53028cd4a3155/vertices/9c7327831b3b5b4ae2c580979f474a9c/subtasks/metrics?get=busyTimeMsPerSecond [0m
[0m[2024-02-17T14:44:30] Checking if bottleneck changed...
[0;93m[2024-02-17T14:44:30] [WARNING]Bottleneck is still 32f0ffe0b6f0b990239bb81cec28b9d8[0m
[0;96m[2024-02-17T14:44:30] [DEBUG] + 	Getting operator out throughput from url http://flink-jobmanager:8081/jobs/e0f777289aa7391e89b53028cd4a3155/vertices/41a95396e613c9f62f1da16142d5ddd2/subtasks/metrics?get=numRecordsOutPerSecond [0m
[0;96m[2024-02-17T14:44:30] [DEBUG] + 	Getting operator in throughput from url http://flink-jobmanager:8081/jobs/e0f777289aa7391e89b53028cd4a3155/vertices/41a95396e613c9f62f1da16142d5ddd2/subtasks/metrics?get=numRecordsInPerSecond [0m
[0;96m[2024-02-17T14:44:30] [DEBUG] + 	Getting operator (41a95396e613c9f62f1da16142d5ddd2) backpressure from url http://flink-jobmanager:8081/jobs/e0f777289aa7391e89b53028cd4a3155/vertices/41a95396e613c9f62f1da16142d5ddd2/subtasks/metrics?get=backPressuredTimeMsPerSecond [0m
[0;96m[2024-02-17T14:44:30] [DEBUG] + 	Getting operator (41a95396e613c9f62f1da16142d5ddd2) busyness from url http://flink-jobmanager:8081/jobs/e0f777289aa7391e89b53028cd4a3155/vertices/41a95396e613c9f62f1da16142d5ddd2/subtasks/metrics?get=busyTimeMsPerSecond [0m
[0;96m[2024-02-17T14:44:30] [DEBUG] + 	Getting operator out throughput from url http://flink-jobmanager:8081/jobs/e0f777289aa7391e89b53028cd4a3155/vertices/32f0ffe0b6f0b990239bb81cec28b9d8/subtasks/metrics?get=numRecordsOutPerSecond [0m
[0;96m[2024-02-17T14:44:30] [DEBUG] + 	Getting operator in throughput from url http://flink-jobmanager:8081/jobs/e0f777289aa7391e89b53028cd4a3155/vertices/32f0ffe0b6f0b990239bb81cec28b9d8/subtasks/metrics?get=numRecordsInPerSecond [0m
[0;96m[2024-02-17T14:44:30] [DEBUG] + 	Getting operator (32f0ffe0b6f0b990239bb81cec28b9d8) backpressure from url http://flink-jobmanager:8081/jobs/e0f777289aa7391e89b53028cd4a3155/vertices/32f0ffe0b6f0b990239bb81cec28b9d8/subtasks/metrics?get=backPressuredTimeMsPerSecond [0m
[0;96m[2024-02-17T14:44:30] [DEBUG] + 	Getting operator (32f0ffe0b6f0b990239bb81cec28b9d8) busyness from url http://flink-jobmanager:8081/jobs/e0f777289aa7391e89b53028cd4a3155/vertices/32f0ffe0b6f0b990239bb81cec28b9d8/subtasks/metrics?get=busyTimeMsPerSecond [0m
[0;96m[2024-02-17T14:44:30] [DEBUG] + 	Getting operator out throughput from url http://flink-jobmanager:8081/jobs/e0f777289aa7391e89b53028cd4a3155/vertices/31ec045e3401e87fc7879b43d8e8625d/subtasks/metrics?get=numRecordsOutPerSecond [0m
[0;96m[2024-02-17T14:44:30] [DEBUG] + 	Getting operator in throughput from url http://flink-jobmanager:8081/jobs/e0f777289aa7391e89b53028cd4a3155/vertices/31ec045e3401e87fc7879b43d8e8625d/subtasks/metrics?get=numRecordsInPerSecond [0m
[0;96m[2024-02-17T14:44:30] [DEBUG] + 	Getting operator (31ec045e3401e87fc7879b43d8e8625d) backpressure from url http://flink-jobmanager:8081/jobs/e0f777289aa7391e89b53028cd4a3155/vertices/31ec045e3401e87fc7879b43d8e8625d/subtasks/metrics?get=backPressuredTimeMsPerSecond [0m
[0;96m[2024-02-17T14:44:30] [DEBUG] + 	Getting operator (31ec045e3401e87fc7879b43d8e8625d) busyness from url http://flink-jobmanager:8081/jobs/e0f777289aa7391e89b53028cd4a3155/vertices/31ec045e3401e87fc7879b43d8e8625d/subtasks/metrics?get=busyTimeMsPerSecond [0m
[0;96m[2024-02-17T14:44:30] [DEBUG] + 	Getting operator out throughput from url http://flink-jobmanager:8081/jobs/e0f777289aa7391e89b53028cd4a3155/vertices/dca33db40b2f8f122636cd5297c0c511/subtasks/metrics?get=numRecordsOutPerSecond [0m
[0;96m[2024-02-17T14:44:30] [DEBUG] + 	Getting operator in throughput from url http://flink-jobmanager:8081/jobs/e0f777289aa7391e89b53028cd4a3155/vertices/dca33db40b2f8f122636cd5297c0c511/subtasks/metrics?get=numRecordsInPerSecond [0m
[0;96m[2024-02-17T14:44:30] [DEBUG] + 	Getting operator (dca33db40b2f8f122636cd5297c0c511) backpressure from url http://flink-jobmanager:8081/jobs/e0f777289aa7391e89b53028cd4a3155/vertices/dca33db40b2f8f122636cd5297c0c511/subtasks/metrics?get=backPressuredTimeMsPerSecond [0m
[0;96m[2024-02-17T14:44:30] [DEBUG] + 	Getting operator (dca33db40b2f8f122636cd5297c0c511) busyness from url http://flink-jobmanager:8081/jobs/e0f777289aa7391e89b53028cd4a3155/vertices/dca33db40b2f8f122636cd5297c0c511/subtasks/metrics?get=busyTimeMsPerSecond [0m
[0;96m[2024-02-17T14:44:30] [DEBUG] + 	Getting operator out throughput from url http://flink-jobmanager:8081/jobs/e0f777289aa7391e89b53028cd4a3155/vertices/e926317ddf99720773e3c7f4f412c3d7/subtasks/metrics?get=numRecordsOutPerSecond [0m
[0;96m[2024-02-17T14:44:30] [DEBUG] + 	Getting operator in throughput from url http://flink-jobmanager:8081/jobs/e0f777289aa7391e89b53028cd4a3155/vertices/e926317ddf99720773e3c7f4f412c3d7/subtasks/metrics?get=numRecordsInPerSecond [0m
[0;96m[2024-02-17T14:44:30] [DEBUG] + 	Getting operator (e926317ddf99720773e3c7f4f412c3d7) backpressure from url http://flink-jobmanager:8081/jobs/e0f777289aa7391e89b53028cd4a3155/vertices/e926317ddf99720773e3c7f4f412c3d7/subtasks/metrics?get=backPressuredTimeMsPerSecond [0m
[0;96m[2024-02-17T14:44:30] [DEBUG] + 	Getting operator (e926317ddf99720773e3c7f4f412c3d7) busyness from url http://flink-jobmanager:8081/jobs/e0f777289aa7391e89b53028cd4a3155/vertices/e926317ddf99720773e3c7f4f412c3d7/subtasks/metrics?get=busyTimeMsPerSecond [0m
[0;96m[2024-02-17T14:44:30] [DEBUG] + 	Getting operator out throughput from url http://flink-jobmanager:8081/jobs/e0f777289aa7391e89b53028cd4a3155/vertices/9c7327831b3b5b4ae2c580979f474a9c/subtasks/metrics?get=numRecordsOutPerSecond [0m
[0;96m[2024-02-17T14:44:30] [DEBUG] + 	Getting operator in throughput from url http://flink-jobmanager:8081/jobs/e0f777289aa7391e89b53028cd4a3155/vertices/9c7327831b3b5b4ae2c580979f474a9c/subtasks/metrics?get=numRecordsInPerSecond [0m
[0;96m[2024-02-17T14:44:30] [DEBUG] + 	Getting operator (9c7327831b3b5b4ae2c580979f474a9c) backpressure from url http://flink-jobmanager:8081/jobs/e0f777289aa7391e89b53028cd4a3155/vertices/9c7327831b3b5b4ae2c580979f474a9c/subtasks/metrics?get=backPressuredTimeMsPerSecond [0m
[0;96m[2024-02-17T14:44:30] [DEBUG] + 	Getting operator (9c7327831b3b5b4ae2c580979f474a9c) busyness from url http://flink-jobmanager:8081/jobs/e0f777289aa7391e89b53028cd4a3155/vertices/9c7327831b3b5b4ae2c580979f474a9c/subtasks/metrics?get=busyTimeMsPerSecond [0m
[0m[2024-02-17T14:44:30] [MONITOR]:: Runtime performance metrics:
[0m[2024-02-17T14:44:30] 	 Job Run Time: 375095 ms
[0m[2024-02-17T14:44:30] Backpressure is still high and the system needs a reconfiguration...
[0m[2024-02-17T14:44:30] [RES_MNGR] Average network latencies
[0m[2024-02-17T14:44:30] 
               parasilo-2     parasilo-20    parasilo-21    parasilo-22    parasilo-24    parasilo-25    parasilo-26    parasilo-27    parasilo-28    parasilo-3     parasilo-4     parasilo-5     parasilo-6     parasilo-7     parasilo-8     parasilo-9     
parasilo-2     32.583         52.678         49.919         32.935         50.507         25.915         50.942         53.046         27.754         50.468         50.96          51.145         53.046         24.832         25.991         53.238         
parasilo-20    52.678         42.469         52.061         35.987         51.373         26.862         54.158         53.127         29.142         52.012         52.66          53.506         53.523         27.155         27.466         54.345         
parasilo-21    49.919         52.061         27.422         33.363         50.315         25.911         50.781         53.394         27.715         50.948         52.13          51.033         52.223         24.802         25.552         51.45          
parasilo-22    32.935         35.987         33.363         14.221         31.741         8.834          31.247         34.923         10.434         34.12          34.908         35.08          34.145         7.786          8.993          34.378         
parasilo-24    50.507         51.373         50.315         31.741         44.611         23.299         49.225         52.895         25.962         50.733         50.361         51.89          50.502         22.532         23.872         50.597         
parasilo-25    25.915         26.862         25.911         8.834          23.299         2.18           24.409         26.853         2.942          25.663         27.462         28.075         25.965         3.963          4.673          26.082         
parasilo-26    50.942         54.158         50.781         31.247         49.225         24.409         46.054         52.885         26.56          50.632         51.566         52.771         50.697         21.425         24.822         50.696         
parasilo-27    53.046         53.127         53.394         34.923         52.895         26.853         52.885         50.173         28.11          53.764         55.297         54.534         53.467         26.181         26.914         54.852         
parasilo-28    27.754         29.142         27.715         10.434         25.962         2.942          26.56          28.11          3.148          28.585         29.801         29.496         28.146         2.257          2.011          28.812         
parasilo-3     50.468         52.012         50.948         34.12          50.733         25.663         50.632         53.764         28.585         39.093         52.992         53.07          50.98          24.639         26.682         51.907         
parasilo-4     50.96          52.66          52.13          34.908         50.361         27.462         51.566         55.297         29.801         52.992         33.999         53.962         52.352         25.565         28.216         51.253         
parasilo-5     51.145         53.506         51.033         35.08          51.89          28.075         52.771         54.534         29.496         53.07          53.962         37.605         51.39          25.78          27.562         56.584         
parasilo-6     53.046         53.523         52.223         34.145         50.502         25.965         50.697         53.467         28.146         50.98          52.352         51.39          46.13          23.84          26.422         52.837         
parasilo-7     24.832         27.155         24.802         7.786          22.532         3.963          21.425         26.181         2.257          24.639         25.565         25.78          23.84          0.045          4.107          24.891         
parasilo-8     25.991         27.466         25.552         8.993          23.872         4.673          24.822         26.914         2.011          26.682         28.216         27.562         26.422         4.107          2.771          27.079         
parasilo-9     53.238         54.345         51.45          34.378         50.597         26.082         50.696         54.852         28.812         51.907         51.253         56.584         52.837         24.891         27.079         48.074         

[0m[2024-02-17T14:44:30] [RES_MNGR] Shortest path nodes: ['parasilo-7', 'parasilo-28', 'parasilo-25', 'parasilo-8', 'parasilo-22', 'parasilo-26', 'parasilo-24', 'parasilo-6', 'parasilo-3', 'parasilo-21', 'parasilo-2', 'parasilo-9', 'parasilo-4', 'parasilo-5', 'parasilo-27', 'parasilo-20']
[0m[2024-02-17T14:44:30] [RES_MNGR] Observed delays: [0, 2.2572, 3.963400000000001, 4.1067, 7.7856, 21.424500000000002, 22.5315, 23.839999999999996, 24.639000000000003, 24.801599999999997, 24.832300000000004, 24.8909, 25.5648, 25.779899999999998, 26.18070000000001, 27.154900000000005, 2.9415000000000004]
[0m[2024-02-17T14:44:30] [RES_MNGR] NDmax: 56.58390000000001
/transscale/utils/prediction/models/ParallelismModel.py:39: OptimizeWarning: Covariance of the parameters could not be estimated
  popt, _ = curve_fit(lambda x, alpha, gamma: alpha * x[0] - gamma * x[1],
[0m[2024-02-17T14:44:30] [COMBO_CTRL] Reconf: Scale Up Window(TumblingEventTimeWindows(1000),_EventTimeTrigger,_TimeEvictor,_CoGroupWindowFunction)<br/>+-_Timestamps/Watermarks from par 1
[0;96m[2024-02-17T14:44:30] [DEBUG] + [PRED_MATRIX] Current prediction matrix is:
 [[      0.       0.       0.]
 [      0.   43819.   87638.]
 [      0.   87638.  175276.]
 [      0.  131457.  262914.]
 [      0.  175276.  350552.]
 [      0.  219095.  438190.]
 [      0.  262914.  525828.]
 [      0.  306733.  613466.]
 [      0.  350552.  701104.]
 [      0.  394371.  788742.]
 [      0.  438190.  876380.]
 [      0.  482009.  964018.]
 [      0.  525828. 1051656.]
 [      0.  569647. 1139294.]
 [      0.  613466. 1226932.]
 [      0.  657285. 1314570.]
 [      0.  701104. 1402208.]] [0m
[0;96m[2024-02-17T14:44:30] [DEBUG] + [PRED_MATRIX] 	par, transp: 1, 1 target tput: 43819 new_tput %: 43819.0 tput diff %: 0  [0m
[0;96m[2024-02-17T14:44:30] [DEBUG] + [PRED_MATRIX] 	par, transp: 1, 2 target tput: 43819 new_tput %: 87638.0 tput diff %: 50.0 ADDED [0m
[0;96m[2024-02-17T14:44:30] [DEBUG] + [PRED_MATRIX] 	par, transp: 2, 1 target tput: 43819 new_tput %: 87638.0 tput diff %: 50.0 ADDED [0m
[0;96m[2024-02-17T14:44:30] [DEBUG] + [PRED_MATRIX] Scaling Possibilities: [(1, 2), (2, 1)] [0m

[0;96m[2024-02-17T14:44:30] [DEBUG] + 	Getting overview info from url http://flink-jobmanager:8081/overview [0m
[0m[2024-02-17T14:44:30] 
*******************************************************
[0m[2024-02-17T14:44:30] [RES_MNGR] Re-configuring PARALLELISM
[0m[2024-02-17T14:44:30] 	Current Parallelism: 1
[0m[2024-02-17T14:44:30] 	Target Parallelism: 2
[0m[2024-02-17T14:44:30] [RES_MNGR] Stopping Flink for re-configuration...
[0m[2024-02-17T14:44:34] Running command ['/bin/sh', '-c', 'flink stop e0f777289aa7391e89b53028cd4a3155'] on pod flink-jobmanager-5bc8b4d75c-bj4tm
[0m[2024-02-17T14:45:01] [RES_MNGR] Re-scaling number of task managers...
[0;96m[2024-02-17T14:45:01] [DEBUG] + 	Getting overview info from url http://flink-jobmanager:8081/overview [0m
[0m[2024-02-17T14:45:01] [RES_MNGR] Average network latencies
[0m[2024-02-17T14:45:01] 
               parasilo-2     parasilo-20    parasilo-21    parasilo-22    parasilo-24    parasilo-25    parasilo-26    parasilo-27    parasilo-28    parasilo-3     parasilo-4     parasilo-5     parasilo-6     parasilo-7     parasilo-8     parasilo-9     
parasilo-2     32.328         51.771         50.038         24.986         50.939         26.93          51.08          52.739         26.172         50.128         50.394         50.342         53.63          24.766         25.501         52.279         
parasilo-20    51.771         40.947         50.947         27.714         50.219         28.458         52.437         52.823         27.043         50.508         50.758         51.73          53.112         25.54          25.735         52.482         
parasilo-21    50.038         50.947         26.508         27.284         50.474         26.512         50.616         53.153         27.108         50.116         50.853         50.071         53.145         24.789         25.755         51.587         
parasilo-22    24.986         27.714         27.284         5.385          24.914         4.555          24.938         27.76          2.319          26.727         27.029         27.626         27.872         5.911          6.02           26.342         
parasilo-24    50.939         50.219         50.474         24.914         45.073         25.295         49.042         52.94          25.395         50.436         49.71          51.155         51.611         22.928         23.741         49.947         
parasilo-25    26.93          28.458         26.512         4.555          25.295         2.033          24.118         28.13          3.6            26.214         27.628         27.685         27.633         1.95           2.908          26.164         
parasilo-26    51.08          52.437         50.616         24.938         49.042         24.118         45.99          52.047         24.707         49.754         50.727         51.472         51.486         22.393         23.536         49.866         
parasilo-27    52.739         52.823         53.153         27.76          52.94          28.13          52.047         49.622         26.481         53.45          53.528         52.951         53.512         25.421         26.31          53.591         
parasilo-28    26.172         27.043         27.108         2.319          25.395         3.6            24.707         26.481         3.104          26.348         27.313         27.401         27.2           3.791          3.885          26.15          
parasilo-3     50.128         50.508         50.116         26.727         50.436         26.214         49.754         53.45          26.348         38.117         51.618         51.092         51.639         23.707         23.93          50.878         
parasilo-4     50.394         50.758         50.853         27.029         49.71          27.628         50.727         53.528         27.313         51.618         32.86          52.063         51.554         25.271         26.23          50.426         
parasilo-5     50.342         51.73          50.071         27.626         51.155         27.685         51.472         52.951         27.401         51.092         52.063         35.8           51.771         23.381         26.316         54.45          
parasilo-6     53.63          53.112         53.145         27.872         51.611         27.633         51.486         53.512         27.2           51.639         51.554         51.771         47.905         24.294         26.134         52.327         
parasilo-7     24.766         25.54          24.789         5.911          22.928         1.95           22.393         25.421         3.791          23.707         25.271         23.381         24.294         0.121          3.775          24.56          
parasilo-8     25.501         25.735         25.755         6.02           23.741         2.908          23.536         26.31          3.885          23.93          26.23          26.316         26.134         3.775          1.918          24.853         
parasilo-9     52.279         52.482         51.587         26.342         49.947         26.164         49.866         53.591         26.15          50.878         50.426         54.45          52.327         24.56          24.853         47.774         

[0m[2024-02-17T14:45:01] [RES_MNGR] Shortest path nodes: ['parasilo-7', 'parasilo-25']
[0m[2024-02-17T14:45:01] [RES_MNGR] Observed delays: [0, 1.9498000000000002]
[0m[2024-02-17T14:45:01] [RES_MNGR] NDmax: 28.457899999999995
[0;96m[2024-02-17T14:45:01] [DEBUG] + 	 Running taskmanager reset: target_par 0  [0m
[0m[2024-02-17T14:45:01] Deployment flink-taskmanager scaled to 0 replica.
[0;96m[2024-02-17T14:45:04] [DEBUG] + 	 Running taskmanager rescale: target_par 2  [0m
[0m[2024-02-17T14:45:04] Deployment flink-taskmanager scaled to 2 replica.
[0;96m[2024-02-17T14:45:09] [DEBUG] + 	Getting overview info from url http://flink-jobmanager:8081/overview [0m
[0;96m[2024-02-17T14:45:09] [DEBUG] + 	Current Taskmanagers: 0 [0m
[0;96m[2024-02-17T14:45:09] [DEBUG] + 	Target Parallelism: 2 [0m
[0;96m[2024-02-17T14:45:14] [DEBUG] + 	Getting overview info from url http://flink-jobmanager:8081/overview [0m
[0;96m[2024-02-17T14:45:14] [DEBUG] + 	Current Taskmanagers: 2 [0m
[0;96m[2024-02-17T14:45:14] [DEBUG] + 	Target Parallelism: 2 [0m
[0m[2024-02-17T14:45:14] [RES_MNGR] Resuming Flink with new configuration...
[0m[2024-02-17T14:45:14] Running job /tmp/jobs/myjoin-transscale-all.jar
[0m[2024-02-17T14:45:19] Running command ['/bin/sh', '-c', "flink run -s s3://flink-bucket/savepoints/savepoint-e0f777-e0058413ecf5 -d -j /tmp/jobs/myjoin-transscale-all.jar --parmap 'Sink__Sink:1;Window(TumblingEventTimeWindows(1000),_EventTimeTrigger,_TimeEvictor,_CoGroupWindowFunction)<br/>+-_Timestamps/Watermarks:2;Timestamps/Watermarks<br/>+-_Map:1;Source__Source1:1;Timestamps/Watermarks<br/>+-_Map:1;Source__Source2:1'"] on pod flink-jobmanager-5bc8b4d75c-bj4tm
[0;96m[2024-02-17T14:45:42] [DEBUG] + Job is running, waiting to check for errors [0m
[0m[2024-02-17T14:45:57] 
*******************************************************
[0m[2024-02-17T14:45:57] Warming up for 240 seconds
[0m[2024-02-17T14:49:57] [MONITOR]: Retrieving job details from flink-jobmanager:8081 ...
[0m[2024-02-17T14:49:57] [MONITOR]:: Details about the job:
[0m[2024-02-17T14:49:57] 	 Job ID: 779bfaaaaffe5278bf2b20e0e7959f1a
[0m[2024-02-17T14:49:57] 	 Operators: 6
[0m[2024-02-17T14:49:57] TRANSSCALE:: Monitoring the throughput and back pressure every 60 seconds...
[0m[2024-02-17T14:50:57] 
TRANSSCALE:: Periodic Monitoring...
[0;96m[2024-02-17T14:50:57] [DEBUG] + 	Getting operator out throughput from url http://flink-jobmanager:8081/jobs/779bfaaaaffe5278bf2b20e0e7959f1a/vertices/41a95396e613c9f62f1da16142d5ddd2/subtasks/metrics?get=numRecordsOutPerSecond [0m
[0;96m[2024-02-17T14:50:57] [DEBUG] + 	Getting operator in throughput from url http://flink-jobmanager:8081/jobs/779bfaaaaffe5278bf2b20e0e7959f1a/vertices/41a95396e613c9f62f1da16142d5ddd2/subtasks/metrics?get=numRecordsInPerSecond [0m
[0;96m[2024-02-17T14:50:57] [DEBUG] + 	Getting operator (41a95396e613c9f62f1da16142d5ddd2) backpressure from url http://flink-jobmanager:8081/jobs/779bfaaaaffe5278bf2b20e0e7959f1a/vertices/41a95396e613c9f62f1da16142d5ddd2/subtasks/metrics?get=backPressuredTimeMsPerSecond [0m
[0;96m[2024-02-17T14:50:57] [DEBUG] + 	Getting operator (41a95396e613c9f62f1da16142d5ddd2) busyness from url http://flink-jobmanager:8081/jobs/779bfaaaaffe5278bf2b20e0e7959f1a/vertices/41a95396e613c9f62f1da16142d5ddd2/subtasks/metrics?get=busyTimeMsPerSecond [0m
[0;96m[2024-02-17T14:50:57] [DEBUG] + 	Getting operator out throughput from url http://flink-jobmanager:8081/jobs/779bfaaaaffe5278bf2b20e0e7959f1a/vertices/32f0ffe0b6f0b990239bb81cec28b9d8/subtasks/metrics?get=numRecordsOutPerSecond [0m
[0;96m[2024-02-17T14:50:57] [DEBUG] + 	Getting operator in throughput from url http://flink-jobmanager:8081/jobs/779bfaaaaffe5278bf2b20e0e7959f1a/vertices/32f0ffe0b6f0b990239bb81cec28b9d8/subtasks/metrics?get=numRecordsInPerSecond [0m
[0;96m[2024-02-17T14:50:57] [DEBUG] + 	Getting operator (32f0ffe0b6f0b990239bb81cec28b9d8) backpressure from url http://flink-jobmanager:8081/jobs/779bfaaaaffe5278bf2b20e0e7959f1a/vertices/32f0ffe0b6f0b990239bb81cec28b9d8/subtasks/metrics?get=backPressuredTimeMsPerSecond [0m
[0;96m[2024-02-17T14:50:57] [DEBUG] + 	Getting operator (32f0ffe0b6f0b990239bb81cec28b9d8) busyness from url http://flink-jobmanager:8081/jobs/779bfaaaaffe5278bf2b20e0e7959f1a/vertices/32f0ffe0b6f0b990239bb81cec28b9d8/subtasks/metrics?get=busyTimeMsPerSecond [0m
[0;96m[2024-02-17T14:50:57] [DEBUG] + 	Getting operator out throughput from url http://flink-jobmanager:8081/jobs/779bfaaaaffe5278bf2b20e0e7959f1a/vertices/31ec045e3401e87fc7879b43d8e8625d/subtasks/metrics?get=numRecordsOutPerSecond [0m
[0;96m[2024-02-17T14:50:57] [DEBUG] + 	Getting operator in throughput from url http://flink-jobmanager:8081/jobs/779bfaaaaffe5278bf2b20e0e7959f1a/vertices/31ec045e3401e87fc7879b43d8e8625d/subtasks/metrics?get=numRecordsInPerSecond [0m
[0;96m[2024-02-17T14:50:57] [DEBUG] + 	Getting operator (31ec045e3401e87fc7879b43d8e8625d) backpressure from url http://flink-jobmanager:8081/jobs/779bfaaaaffe5278bf2b20e0e7959f1a/vertices/31ec045e3401e87fc7879b43d8e8625d/subtasks/metrics?get=backPressuredTimeMsPerSecond [0m
[0;96m[2024-02-17T14:50:57] [DEBUG] + 	Getting operator (31ec045e3401e87fc7879b43d8e8625d) busyness from url http://flink-jobmanager:8081/jobs/779bfaaaaffe5278bf2b20e0e7959f1a/vertices/31ec045e3401e87fc7879b43d8e8625d/subtasks/metrics?get=busyTimeMsPerSecond [0m
[0;96m[2024-02-17T14:50:57] [DEBUG] + 	Getting operator out throughput from url http://flink-jobmanager:8081/jobs/779bfaaaaffe5278bf2b20e0e7959f1a/vertices/dca33db40b2f8f122636cd5297c0c511/subtasks/metrics?get=numRecordsOutPerSecond [0m
[0;96m[2024-02-17T14:50:57] [DEBUG] + 	Getting operator in throughput from url http://flink-jobmanager:8081/jobs/779bfaaaaffe5278bf2b20e0e7959f1a/vertices/dca33db40b2f8f122636cd5297c0c511/subtasks/metrics?get=numRecordsInPerSecond [0m
[0;96m[2024-02-17T14:50:57] [DEBUG] + 	Getting operator (dca33db40b2f8f122636cd5297c0c511) backpressure from url http://flink-jobmanager:8081/jobs/779bfaaaaffe5278bf2b20e0e7959f1a/vertices/dca33db40b2f8f122636cd5297c0c511/subtasks/metrics?get=backPressuredTimeMsPerSecond [0m
[0;96m[2024-02-17T14:50:57] [DEBUG] + 	Getting operator (dca33db40b2f8f122636cd5297c0c511) busyness from url http://flink-jobmanager:8081/jobs/779bfaaaaffe5278bf2b20e0e7959f1a/vertices/dca33db40b2f8f122636cd5297c0c511/subtasks/metrics?get=busyTimeMsPerSecond [0m
[0;96m[2024-02-17T14:50:57] [DEBUG] + 	Getting operator out throughput from url http://flink-jobmanager:8081/jobs/779bfaaaaffe5278bf2b20e0e7959f1a/vertices/e926317ddf99720773e3c7f4f412c3d7/subtasks/metrics?get=numRecordsOutPerSecond [0m
[0;96m[2024-02-17T14:50:57] [DEBUG] + 	Getting operator in throughput from url http://flink-jobmanager:8081/jobs/779bfaaaaffe5278bf2b20e0e7959f1a/vertices/e926317ddf99720773e3c7f4f412c3d7/subtasks/metrics?get=numRecordsInPerSecond [0m
[0;96m[2024-02-17T14:50:57] [DEBUG] + 	Getting operator (e926317ddf99720773e3c7f4f412c3d7) backpressure from url http://flink-jobmanager:8081/jobs/779bfaaaaffe5278bf2b20e0e7959f1a/vertices/e926317ddf99720773e3c7f4f412c3d7/subtasks/metrics?get=backPressuredTimeMsPerSecond [0m
[0;96m[2024-02-17T14:50:57] [DEBUG] + 	Getting operator (e926317ddf99720773e3c7f4f412c3d7) busyness from url http://flink-jobmanager:8081/jobs/779bfaaaaffe5278bf2b20e0e7959f1a/vertices/e926317ddf99720773e3c7f4f412c3d7/subtasks/metrics?get=busyTimeMsPerSecond [0m
[0;96m[2024-02-17T14:50:57] [DEBUG] + 	Getting operator out throughput from url http://flink-jobmanager:8081/jobs/779bfaaaaffe5278bf2b20e0e7959f1a/vertices/9c7327831b3b5b4ae2c580979f474a9c/subtasks/metrics?get=numRecordsOutPerSecond [0m
